Scatter phase function type: Molecule, Rayleigh.
  1.745329e-002  7.407031e-003
  3.490659e-002  1.481181e-002
  5.235988e-002  2.221207e-002
  6.981317e-002  2.960558e-002
  8.726646e-002  3.699010e-002
  1.047198e-001  4.436339e-002
  1.221730e-001  5.172324e-002
  1.396263e-001  5.906746e-002
  1.570796e-001  6.639386e-002
  1.745329e-001  7.370029e-002
  1.919862e-001  8.098461e-002
  2.094395e-001  8.824472e-002
  2.268928e-001  9.547853e-002
  2.443461e-001  1.026840e-001
  2.617994e-001  1.098592e-001
  2.792527e-001  1.170020e-001
  2.967060e-001  1.241105e-001
  3.141593e-001  1.311830e-001
  3.316126e-001  1.382174e-001
  3.490659e-001  1.452121e-001
  3.665191e-001  1.521651e-001
  3.839724e-001  1.590750e-001
  4.014257e-001  1.659399e-001
  4.188790e-001  1.727584e-001
  4.363323e-001  1.795288e-001
  4.537856e-001  1.862497e-001
  4.712389e-001  1.929197e-001
  4.886922e-001  1.995374e-001
  5.061455e-001  2.061015e-001
  5.235988e-001  2.126107e-001
  5.410521e-001  2.190640e-001
  5.585054e-001  2.254603e-001
  5.759587e-001  2.317984e-001
  5.934119e-001  2.380775e-001
  6.108652e-001  2.442967e-001
  6.283185e-001  2.504551e-001
  6.457718e-001  2.565521e-001
  6.632251e-001  2.625869e-001
  6.806784e-001  2.685590e-001
  6.981317e-001  2.744679e-001
  7.155850e-001  2.803131e-001
  7.330383e-001  2.860944e-001
  7.504916e-001  2.918113e-001
  7.679449e-001  2.974638e-001
  7.853982e-001  3.030516e-001
  8.028515e-001  3.085749e-001
  8.203047e-001  3.140335e-001
  8.377580e-001  3.194277e-001
  8.552113e-001  3.247576e-001
  8.726646e-001  3.300235e-001
  8.901179e-001  3.352257e-001
  9.075712e-001  3.403647e-001
  9.250245e-001  3.454410e-001
  9.424778e-001  3.504551e-001
  9.599311e-001  3.554078e-001
  9.773844e-001  3.602997e-001
  9.948377e-001  3.651318e-001
  1.012291e+000  3.699047e-001
  1.029744e+000  3.746196e-001
  1.047198e+000  3.792774e-001
  1.064651e+000  3.838792e-001
  1.082104e+000  3.884263e-001
  1.099557e+000  3.929197e-001
  1.117011e+000  3.973608e-001
  1.134464e+000  4.017510e-001
  1.151917e+000  4.060917e-001
  1.169371e+000  4.103844e-001
  1.186824e+000  4.146305e-001
  1.204277e+000  4.188318e-001
  1.221730e+000  4.229898e-001
  1.239184e+000  4.271063e-001
  1.256637e+000  4.311830e-001
  1.274090e+000  4.352217e-001
  1.291544e+000  4.392242e-001
  1.308997e+000  4.431925e-001
  1.326450e+000  4.471285e-001
  1.343904e+000  4.510341e-001
  1.361357e+000  4.549114e-001
  1.378810e+000  4.587624e-001
  1.396263e+000  4.625892e-001
  1.413717e+000  4.663939e-001
  1.431170e+000  4.701786e-001
  1.448623e+000  4.739455e-001
  1.466077e+000  4.776967e-001
  1.483530e+000  4.814345e-001
  1.500983e+000  4.851611e-001
  1.518436e+000  4.888787e-001
  1.535890e+000  4.925896e-001
  1.553343e+000  4.962959e-001
  1.570796e+000  5.000000e-001
  1.588250e+000  5.037041e-001
  1.605703e+000  5.074104e-001
  1.623156e+000  5.111213e-001
  1.640609e+000  5.148389e-001
  1.658063e+000  5.185655e-001
  1.675516e+000  5.223033e-001
  1.692969e+000  5.260545e-001
  1.710423e+000  5.298214e-001
  1.727876e+000  5.336061e-001
  1.745329e+000  5.374108e-001
  1.762783e+000  5.412376e-001
  1.780236e+000  5.450886e-001
  1.797689e+000  5.489659e-001
  1.815142e+000  5.528715e-001
  1.832596e+000  5.568075e-001
  1.850049e+000  5.607758e-001
  1.867502e+000  5.647783e-001
  1.884956e+000  5.688170e-001
  1.902409e+000  5.728937e-001
  1.919862e+000  5.770102e-001
  1.937315e+000  5.811682e-001
  1.954769e+000  5.853695e-001
  1.972222e+000  5.896156e-001
  1.989675e+000  5.939083e-001
  2.007129e+000  5.982490e-001
  2.024582e+000  6.026392e-001
  2.042035e+000  6.070803e-001
  2.059489e+000  6.115737e-001
  2.076942e+000  6.161208e-001
  2.094395e+000  6.207226e-001
  2.111848e+000  6.253804e-001
  2.129302e+000  6.300953e-001
  2.146755e+000  6.348682e-001
  2.164208e+000  6.397003e-001
  2.181662e+000  6.445922e-001
  2.199115e+000  6.495449e-001
  2.216568e+000  6.545590e-001
  2.234021e+000  6.596353e-001
  2.251475e+000  6.647743e-001
  2.268928e+000  6.699765e-001
  2.286381e+000  6.752424e-001
  2.303835e+000  6.805723e-001
  2.321288e+000  6.859665e-001
  2.338741e+000  6.914251e-001
  2.356194e+000  6.969484e-001
  2.373648e+000  7.025362e-001
  2.391101e+000  7.081887e-001
  2.408554e+000  7.139056e-001
  2.426008e+000  7.196869e-001
  2.443461e+000  7.255321e-001
  2.460914e+000  7.314410e-001
  2.478368e+000  7.374131e-001
  2.495821e+000  7.434479e-001
  2.513274e+000  7.495449e-001
  2.530727e+000  7.557033e-001
  2.548181e+000  7.619225e-001
  2.565634e+000  7.682016e-001
  2.583087e+000  7.745397e-001
  2.600541e+000  7.809360e-001
  2.617994e+000  7.873893e-001
  2.635447e+000  7.938985e-001
  2.652900e+000  8.004626e-001
  2.670354e+000  8.070803e-001
  2.687807e+000  8.137503e-001
  2.705260e+000  8.204712e-001
  2.722714e+000  8.272416e-001
  2.740167e+000  8.340601e-001
  2.757620e+000  8.409250e-001
  2.775074e+000  8.478349e-001
  2.792527e+000  8.547879e-001
  2.809980e+000  8.617826e-001
  2.827433e+000  8.688170e-001
  2.844887e+000  8.758895e-001
  2.862340e+000  8.829980e-001
  2.879793e+000  8.901408e-001
  2.897247e+000  8.973160e-001
  2.914700e+000  9.045215e-001
  2.932153e+000  9.117553e-001
  2.949606e+000  9.190154e-001
  2.967060e+000  9.262997e-001
  2.984513e+000  9.336061e-001
  3.001966e+000  9.409325e-001
  3.019420e+000  9.482768e-001
  3.036873e+000  9.556366e-001
  3.054326e+000  9.630099e-001
  3.071779e+000  9.703944e-001
  3.089233e+000  9.777879e-001
  3.106686e+000  9.851882e-001
  3.124139e+000  9.925930e-001
  3.141593e+000  1.000000e+000
