    29.5000
.500000E+03   0.000334   0.000019   0.000354
.510000E+03   0.000382   0.000019   0.000401
.520000E+03   0.000403   0.000019   0.000422
.530000E+03   0.000512   0.000018   0.000530
.540000E+03   0.000535   0.000018   0.000553
.550000E+03   0.000592   0.000018   0.000609
.560000E+03   0.000668   0.000017   0.000685
.570000E+03   0.000771   0.000017   0.000787
.580000E+03   0.000753   0.000017   0.000769
.590000E+03   0.000725   0.000016   0.000740
.600000E+03   0.000823   0.000015   0.000839
    29.0000
.500000E+03   0.000687   0.000042   0.000729
.510000E+03   0.000784   0.000041   0.000825
.520000E+03   0.000827   0.000040   0.000868
.530000E+03   0.001049   0.000039   0.001089
.540000E+03   0.001095   0.000039   0.001134
.550000E+03   0.001211   0.000038   0.001249
.560000E+03   0.001366   0.000037   0.001403
.570000E+03   0.001575   0.000036   0.001612
.580000E+03   0.001540   0.000035   0.001575
.590000E+03   0.001482   0.000034   0.001516
.600000E+03   0.001683   0.000033   0.001716
    28.5000
.500000E+03   0.001060   0.000067   0.001128
.510000E+03   0.001208   0.000066   0.001274
.520000E+03   0.001274   0.000065   0.001338
.530000E+03   0.001613   0.000064   0.001677
.540000E+03   0.001683   0.000063   0.001745
.550000E+03   0.001860   0.000062   0.001921
.560000E+03   0.002097   0.000060   0.002157
.570000E+03   0.002417   0.000058   0.002475
.580000E+03   0.002362   0.000057   0.002418
.590000E+03   0.002274   0.000055   0.002328
.600000E+03   0.002581   0.000053   0.002634
    28.0000
.500000E+03   0.001455   0.000097   0.001552
.510000E+03   0.001655   0.000094   0.001749
.520000E+03   0.001744   0.000093   0.001837
.530000E+03   0.002205   0.000091   0.002296
.540000E+03   0.002299   0.000090   0.002389
.550000E+03   0.002539   0.000089   0.002627
.560000E+03   0.002862   0.000086   0.002947
.570000E+03   0.003296   0.000084   0.003380
.580000E+03   0.003221   0.000081   0.003302
.590000E+03   0.003100   0.000079   0.003179
.600000E+03   0.003518   0.000077   0.003595
    27.5000
.500000E+03   0.001873   0.000130   0.002003
.510000E+03   0.002125   0.000127   0.002253
.520000E+03   0.002239   0.000125   0.002364
.530000E+03   0.002826   0.000123   0.002949
.540000E+03   0.002945   0.000121   0.003066
.550000E+03   0.003251   0.000119   0.003370
.560000E+03   0.003663   0.000116   0.003778
.570000E+03   0.004216   0.000112   0.004329
.580000E+03   0.004120   0.000109   0.004229
.590000E+03   0.003965   0.000106   0.004071
.600000E+03   0.004498   0.000104   0.004601
    27.0000
.500000E+03   0.002315   0.000169   0.002484
.510000E+03   0.002622   0.000165   0.002787
.520000E+03   0.002760   0.000162   0.002922
.530000E+03   0.003479   0.000160   0.003638
.540000E+03   0.003623   0.000157   0.003781
.550000E+03   0.003997   0.000155   0.004152
.560000E+03   0.004500   0.000150   0.004650
.570000E+03   0.005178   0.000146   0.005324
.580000E+03   0.005059   0.000142   0.005201
.590000E+03   0.004869   0.000137   0.005007
.600000E+03   0.005521   0.000134   0.005655
    26.5000
.500000E+03   0.002784   0.000213   0.002996
.510000E+03   0.003146   0.000209   0.003355
.520000E+03   0.003309   0.000205   0.003514
.530000E+03   0.004165   0.000201   0.004366
.540000E+03   0.004335   0.000198   0.004534
.550000E+03   0.004779   0.000195   0.004974
.560000E+03   0.005378   0.000189   0.005567
.570000E+03   0.006185   0.000184   0.006368
.580000E+03   0.006041   0.000179   0.006220
.590000E+03   0.005814   0.000174   0.005988
.600000E+03   0.006590   0.000169   0.006760
    26.0000
.500000E+03   0.003280   0.000263   0.003543
.510000E+03   0.003700   0.000258   0.003958
.520000E+03   0.003888   0.000254   0.004142
.530000E+03   0.004885   0.000250   0.005134
.540000E+03   0.005083   0.000245   0.005329
.550000E+03   0.005599   0.000242   0.005841
.560000E+03   0.006297   0.000234   0.006531
.570000E+03   0.007237   0.000228   0.007465
.580000E+03   0.007068   0.000221   0.007290
.590000E+03   0.006802   0.000215   0.007018
.600000E+03   0.007708   0.000210   0.007917
    25.5000
.500000E+03   0.003806   0.000322   0.004127
.510000E+03   0.004284   0.000315   0.004599
.520000E+03   0.004498   0.000310   0.004809
.530000E+03   0.005642   0.000305   0.005946
.540000E+03   0.005868   0.000300   0.006168
.550000E+03   0.006459   0.000295   0.006754
.560000E+03   0.007260   0.000286   0.007546
.570000E+03   0.008338   0.000278   0.008616
.580000E+03   0.008143   0.000270   0.008413
.590000E+03   0.007836   0.000263   0.008099
.600000E+03   0.008875   0.000256   0.009131
    25.0000
.500000E+03   0.004363   0.000389   0.004752
.510000E+03   0.004901   0.000381   0.005282
.520000E+03   0.005143   0.000374   0.005517
.530000E+03   0.006438   0.000368   0.006806
.540000E+03   0.006692   0.000362   0.007054
.550000E+03   0.007361   0.000356   0.007717
.560000E+03   0.008269   0.000345   0.008614
.570000E+03   0.009490   0.000336   0.009826
.580000E+03   0.009267   0.000326   0.009594
.590000E+03   0.008917   0.000317   0.009234
.600000E+03   0.010095   0.000309   0.010405
    24.5000
.500000E+03   0.004947   0.000468   0.005415
.510000E+03   0.005543   0.000459   0.006002
.520000E+03   0.005811   0.000451   0.006262
.530000E+03   0.007260   0.000443   0.007702
.540000E+03   0.007542   0.000436   0.007978
.550000E+03   0.008289   0.000429   0.008717
.560000E+03   0.009303   0.000416   0.009719
.570000E+03   0.010669   0.000404   0.011074
.580000E+03   0.010417   0.000393   0.010810
.590000E+03   0.010023   0.000382   0.010405
.600000E+03   0.011341   0.000372   0.011714
    24.0000
.500000E+03   0.005552   0.000565   0.006117
.510000E+03   0.006204   0.000555   0.006758
.520000E+03   0.006495   0.000545   0.007040
.530000E+03   0.008094   0.000535   0.008629
.540000E+03   0.008401   0.000527   0.008928
.550000E+03   0.009223   0.000518   0.009741
.560000E+03   0.010342   0.000503   0.010845
.570000E+03   0.011850   0.000489   0.012338
.580000E+03   0.011568   0.000475   0.012043
.590000E+03   0.011129   0.000461   0.011590
.600000E+03   0.012585   0.000450   0.013035
    23.5000
.500000E+03   0.006183   0.000685   0.006868
.510000E+03   0.006887   0.000672   0.007559
.520000E+03   0.007200   0.000660   0.007860
.530000E+03   0.008944   0.000649   0.009593
.540000E+03   0.009276   0.000639   0.009914
.550000E+03   0.010171   0.000628   0.010799
.560000E+03   0.011393   0.000609   0.012002
.570000E+03   0.013038   0.000592   0.013631
.580000E+03   0.012726   0.000576   0.013301
.590000E+03   0.012242   0.000559   0.012801
.600000E+03   0.013833   0.000545   0.014379
    23.0000
.500000E+03   0.006842   0.000833   0.007675
.510000E+03   0.007596   0.000817   0.008414
.520000E+03   0.007929   0.000803   0.008732
.530000E+03   0.009818   0.000789   0.010607
.540000E+03   0.010171   0.000776   0.010948
.550000E+03   0.011137   0.000764   0.011901
.560000E+03   0.012461   0.000741   0.013201
.570000E+03   0.014244   0.000720   0.014964
.580000E+03   0.013899   0.000700   0.014599
.590000E+03   0.013368   0.000680   0.014049
.600000E+03   0.015095   0.000663   0.015758
    22.5000
.500000E+03   0.007533   0.001011   0.008544
.510000E+03   0.008335   0.000992   0.009327
.520000E+03   0.008685   0.000974   0.009660
.530000E+03   0.010716   0.000958   0.011673
.540000E+03   0.011090   0.000942   0.012032
.550000E+03   0.012125   0.000927   0.013051
.560000E+03   0.013547   0.000899   0.014447
.570000E+03   0.015467   0.000874   0.016341
.580000E+03   0.015089   0.000849   0.015938
.590000E+03   0.014510   0.000826   0.015336
.600000E+03   0.016370   0.000804   0.017174
    22.0000
.500000E+03   0.008258   0.001222   0.009480
.510000E+03   0.009104   0.001199   0.010303
.520000E+03   0.009469   0.001178   0.010647
.530000E+03   0.011639   0.001157   0.012797
.540000E+03   0.012032   0.001139   0.013170
.550000E+03   0.013135   0.001120   0.014254
.560000E+03   0.014654   0.001087   0.015741
.570000E+03   0.016708   0.001056   0.017764
.580000E+03   0.016295   0.001026   0.017321
.590000E+03   0.015668   0.000998   0.016666
.600000E+03   0.017660   0.000972   0.018632
    21.5000
.500000E+03   0.009018   0.001461   0.010479
.510000E+03   0.009904   0.001434   0.011338
.520000E+03   0.010282   0.001408   0.011690
.530000E+03   0.012588   0.001384   0.013972
.540000E+03   0.012996   0.001362   0.014358
.550000E+03   0.014163   0.001339   0.015503
.560000E+03   0.015778   0.001300   0.017078
.570000E+03   0.017963   0.001263   0.019226
.580000E+03   0.017514   0.001227   0.018742
.590000E+03   0.016837   0.001194   0.018031
.600000E+03   0.018958   0.001163   0.020121
    21.0000
.500000E+03   0.009815   0.001723   0.011538
.510000E+03   0.010737   0.001691   0.012428
.520000E+03   0.011123   0.001661   0.012784
.530000E+03   0.013560   0.001632   0.015193
.540000E+03   0.013982   0.001606   0.015587
.550000E+03   0.015210   0.001579   0.016790
.560000E+03   0.016917   0.001533   0.018449
.570000E+03   0.019229   0.001489   0.020717
.580000E+03   0.018742   0.001447   0.020189
.590000E+03   0.018014   0.001408   0.019422
.600000E+03   0.020261   0.001371   0.021632
    20.5000
.500000E+03   0.010653   0.002008   0.012660
.510000E+03   0.011606   0.001970   0.013576
.520000E+03   0.011997   0.001936   0.013933
.530000E+03   0.014561   0.001902   0.016463
.540000E+03   0.014991   0.001871   0.016862
.550000E+03   0.016278   0.001840   0.018118
.560000E+03   0.018072   0.001787   0.019858
.570000E+03   0.020507   0.001735   0.022242
.580000E+03   0.019982   0.001686   0.021668
.590000E+03   0.019202   0.001640   0.020843
.600000E+03   0.021572   0.001598   0.023169
    20.0000
.500000E+03   0.011535   0.002316   0.013851
.510000E+03   0.012515   0.002273   0.014788
.520000E+03   0.012907   0.002233   0.015140
.530000E+03   0.015592   0.002195   0.017787
.540000E+03   0.016029   0.002159   0.018188
.550000E+03   0.017370   0.002123   0.019494
.560000E+03   0.019249   0.002061   0.021310
.570000E+03   0.021803   0.002001   0.023805
.580000E+03   0.021237   0.001945   0.023183
.590000E+03   0.020404   0.001893   0.022297
.600000E+03   0.022893   0.001843   0.024737
    19.5000
.500000E+03   0.012460   0.002636   0.015096
.510000E+03   0.013459   0.002587   0.016046
.520000E+03   0.013848   0.002541   0.016389
.530000E+03   0.016645   0.002498   0.019143
.540000E+03   0.017085   0.002457   0.019542
.550000E+03   0.018474   0.002417   0.020891
.560000E+03   0.020430   0.002345   0.022776
.570000E+03   0.023097   0.002278   0.025375
.580000E+03   0.022488   0.002214   0.024702
.590000E+03   0.021601   0.002154   0.023755
.600000E+03   0.024203   0.002098   0.026301
    19.0000
.500000E+03   0.013429   0.002954   0.016382
.510000E+03   0.014438   0.002899   0.017337
.520000E+03   0.014816   0.002848   0.017664
.530000E+03   0.017713   0.002799   0.020512
.540000E+03   0.018149   0.002753   0.020902
.550000E+03   0.019578   0.002708   0.022286
.560000E+03   0.021604   0.002628   0.024232
.570000E+03   0.024370   0.002553   0.026923
.580000E+03   0.023718   0.002481   0.026199
.590000E+03   0.022777   0.002414   0.025190
.600000E+03   0.025481   0.002351   0.027832
    18.5000
.500000E+03   0.014438   0.003262   0.017701
.510000E+03   0.015447   0.003202   0.018649
.520000E+03   0.015807   0.003145   0.018952
.530000E+03   0.018786   0.003091   0.021877
.540000E+03   0.019211   0.003041   0.022251
.550000E+03   0.020671   0.002990   0.023662
.560000E+03   0.022752   0.002903   0.025655
.570000E+03   0.025606   0.002819   0.028424
.580000E+03   0.024909   0.002740   0.027648
.590000E+03   0.023913   0.002665   0.026578
.600000E+03   0.026707   0.002596   0.029303
    18.0000
.500000E+03   0.015494   0.003554   0.019048
.510000E+03   0.016491   0.003488   0.019979
.520000E+03   0.016823   0.003426   0.020249
.530000E+03   0.019865   0.003368   0.023233
.540000E+03   0.020271   0.003313   0.023584
.550000E+03   0.021750   0.003258   0.025008
.560000E+03   0.023874   0.003162   0.027036
.570000E+03   0.026797   0.003071   0.029869
.580000E+03   0.026054   0.002985   0.029039
.590000E+03   0.025004   0.002904   0.027908
.600000E+03   0.027872   0.002828   0.030701
    17.5000
.500000E+03   0.016600   0.003824   0.020424
.510000E+03   0.017574   0.003753   0.021327
.520000E+03   0.017870   0.003687   0.021556
.530000E+03   0.020958   0.003623   0.024581
.540000E+03   0.021337   0.003564   0.024901
.550000E+03   0.022824   0.003505   0.026329
.560000E+03   0.024977   0.003402   0.028379
.570000E+03   0.027956   0.003304   0.031260
.580000E+03   0.027164   0.003212   0.030375
.590000E+03   0.026061   0.003124   0.029185
.600000E+03   0.028989   0.003043   0.032032
    17.0000
.500000E+03   0.017772   0.004069   0.021841
.510000E+03   0.018712   0.003994   0.022705
.520000E+03   0.018962   0.003923   0.022885
.530000E+03   0.022081   0.003856   0.025937
.540000E+03   0.022427   0.003793   0.026220
.550000E+03   0.023912   0.003730   0.027642
.560000E+03   0.026085   0.003621   0.029705
.570000E+03   0.029107   0.003516   0.032623
.580000E+03   0.028264   0.003418   0.031682
.590000E+03   0.027106   0.003325   0.030431
.600000E+03   0.030084   0.003238   0.033322
    16.5000
.500000E+03   0.019019   0.004295   0.023313
.510000E+03   0.019914   0.004215   0.024129
.520000E+03   0.020113   0.004140   0.024254
.530000E+03   0.023253   0.004070   0.027323
.540000E+03   0.023560   0.004003   0.027563
.550000E+03   0.025036   0.003937   0.028973
.560000E+03   0.027220   0.003821   0.031042
.570000E+03   0.030277   0.003711   0.033988
.580000E+03   0.029382   0.003607   0.032989
.590000E+03   0.028166   0.003509   0.031676
.600000E+03   0.031186   0.003418   0.034604
    16.0000
.500000E+03   0.020353   0.004509   0.024862
.510000E+03   0.021196   0.004425   0.025622
.520000E+03   0.021338   0.004347   0.025686
.530000E+03   0.024494   0.004273   0.028767
.540000E+03   0.024757   0.004203   0.028959
.550000E+03   0.026220   0.004133   0.030353
.560000E+03   0.028412   0.004012   0.032424
.570000E+03   0.031500   0.003896   0.035396
.580000E+03   0.030548   0.003787   0.034335
.590000E+03   0.029272   0.003684   0.032957
.600000E+03   0.032331   0.003588   0.035919
    15.5000
.500000E+03   0.021782   0.004719   0.026501
.510000E+03   0.022564   0.004632   0.027196
.520000E+03   0.022643   0.004550   0.027193
.530000E+03   0.025809   0.004472   0.030280
.540000E+03   0.026022   0.004398   0.030420
.550000E+03   0.027466   0.004326   0.031792
.560000E+03   0.029662   0.004199   0.033861
.570000E+03   0.032775   0.004078   0.036853
.580000E+03   0.031763   0.003964   0.035727
.590000E+03   0.030424   0.003856   0.034280
.600000E+03   0.033518   0.003755   0.037274
    15.0000
.500000E+03   0.023314   0.004933   0.028246
.510000E+03   0.024025   0.004841   0.028866
.520000E+03   0.024034   0.004755   0.028789
.530000E+03   0.027202   0.004674   0.031876
.540000E+03   0.027359   0.004597   0.031957
.550000E+03   0.028778   0.004522   0.033300
.560000E+03   0.030973   0.004389   0.035362
.570000E+03   0.034106   0.004262   0.038368
.580000E+03   0.033031   0.004143   0.037173
.590000E+03   0.031623   0.004031   0.035653
.600000E+03   0.034749   0.003925   0.038674
    14.5000
.500000E+03   0.024961   0.005154   0.030115
.510000E+03   0.025591   0.005058   0.030650
.520000E+03   0.025523   0.004969   0.030492
.530000E+03   0.028685   0.004884   0.033569
.540000E+03   0.028782   0.004804   0.033586
.550000E+03   0.030170   0.004725   0.034894
.560000E+03   0.032358   0.004586   0.036944
.570000E+03   0.035506   0.004453   0.039959
.580000E+03   0.034362   0.004329   0.038690
.590000E+03   0.032883   0.004212   0.037094
.600000E+03   0.036036   0.004102   0.040137
    14.0000
.500000E+03   0.026737   0.005388   0.032125
.510000E+03   0.027277   0.005288   0.032566
.520000E+03   0.027123   0.005195   0.032318
.530000E+03   0.030275   0.005106   0.035381
.540000E+03   0.030304   0.005022   0.035326
.550000E+03   0.031654   0.004939   0.036593
.560000E+03   0.033832   0.004794   0.038626
.570000E+03   0.036988   0.004656   0.041644
.580000E+03   0.035771   0.004526   0.040297
.590000E+03   0.034216   0.004403   0.038619
.600000E+03   0.037394   0.004288   0.041682
    13.5000
.500000E+03   0.028644   0.005639   0.034282
.510000E+03   0.029079   0.005534   0.034614
.520000E+03   0.028829   0.005436   0.034265
.530000E+03   0.031957   0.005344   0.037300
.540000E+03   0.031909   0.005256   0.037165
.550000E+03   0.033213   0.005169   0.038382
.560000E+03   0.035371   0.005017   0.040388
.570000E+03   0.038528   0.004872   0.043400
.580000E+03   0.037233   0.004736   0.041969
.590000E+03   0.035597   0.004608   0.040204
.600000E+03   0.038790   0.004487   0.043278
    13.0000
.500000E+03   0.030681   0.005910   0.036591
.510000E+03   0.030998   0.005800   0.036799
.520000E+03   0.030639   0.005698   0.036337
.530000E+03   0.033725   0.005600   0.039326
.540000E+03   0.033590   0.005508   0.039098
.550000E+03   0.034835   0.005418   0.040252
.560000E+03   0.036958   0.005259   0.042217
.570000E+03   0.040101   0.005107   0.045208
.580000E+03   0.038723   0.004964   0.043687
.590000E+03   0.037003   0.004829   0.041832
.600000E+03   0.040200   0.004703   0.044903
    12.5000
.500000E+03   0.032847   0.006207   0.039055
.510000E+03   0.033032   0.006092   0.039124
.520000E+03   0.032551   0.005985   0.038536
.530000E+03   0.035578   0.005882   0.041460
.540000E+03   0.035345   0.005786   0.041130
.550000E+03   0.036518   0.005690   0.042209
.560000E+03   0.038595   0.005523   0.044119
.570000E+03   0.041712   0.005364   0.047075
.580000E+03   0.040245   0.005214   0.045458
.590000E+03   0.038439   0.005072   0.043511
.600000E+03   0.041625   0.004940   0.046565
    12.0000
.500000E+03   0.035139   0.006539   0.041678
.510000E+03   0.035179   0.006417   0.041596
.520000E+03   0.034565   0.006304   0.040868
.530000E+03   0.037518   0.006196   0.043714
.540000E+03   0.037177   0.006095   0.043272
.550000E+03   0.038271   0.005994   0.044264
.560000E+03   0.040290   0.005818   0.046108
.570000E+03   0.043369   0.005650   0.049019
.580000E+03   0.041808   0.005492   0.047300
.590000E+03   0.039916   0.005343   0.045259
.600000E+03   0.043080   0.005203   0.048283
    11.5000
.500000E+03   0.037565   0.006908   0.044473
.510000E+03   0.037446   0.006780   0.044226
.520000E+03   0.036687   0.006660   0.043347
.530000E+03   0.039554   0.006546   0.046100
.540000E+03   0.039097   0.006439   0.045536
.550000E+03   0.040099   0.006333   0.046432
.560000E+03   0.042052   0.006147   0.048199
.570000E+03   0.045084   0.005969   0.051053
.580000E+03   0.043424   0.005802   0.049226
.590000E+03   0.041445   0.005645   0.047090
.600000E+03   0.044573   0.005498   0.050071
    11.0000
.500000E+03   0.040133   0.007320   0.047453
.510000E+03   0.039844   0.007185   0.047030
.520000E+03   0.038930   0.007057   0.045987
.530000E+03   0.041698   0.006937   0.048635
.540000E+03   0.041114   0.006823   0.047937
.550000E+03   0.042016   0.006710   0.048727
.560000E+03   0.043892   0.006514   0.050406
.570000E+03   0.046871   0.006325   0.053196
.580000E+03   0.045103   0.006148   0.051251
.590000E+03   0.043046   0.005982   0.049028
.600000E+03   0.046120   0.005826   0.051946
    10.5000
.500000E+03   0.042848   0.007802   0.050650
.510000E+03   0.042378   0.007657   0.050035
.520000E+03   0.041294   0.007522   0.048815
.530000E+03   0.043948   0.007394   0.051341
.540000E+03   0.043230   0.007272   0.050502
.550000E+03   0.044021   0.007152   0.051173
.560000E+03   0.045809   0.006943   0.052752
.570000E+03   0.048727   0.006743   0.055470
.580000E+03   0.046843   0.006554   0.053397
.590000E+03   0.044719   0.006377   0.051096
.600000E+03   0.047716   0.006211   0.053927
    10.0000
.500000E+03   0.045716   0.008374   0.054090
.510000E+03   0.045050   0.008220   0.053269
.520000E+03   0.043783   0.008074   0.051857
.530000E+03   0.046308   0.007938   0.054246
.540000E+03   0.045445   0.007807   0.053252
.550000E+03   0.046114   0.007679   0.053793
.560000E+03   0.047803   0.007456   0.055259
.570000E+03   0.050653   0.007242   0.057895
.580000E+03   0.048644   0.007040   0.055684
.590000E+03   0.046476   0.006851   0.053327
.600000E+03   0.049360   0.006673   0.056033
     9.5000
.500000E+03   0.048748   0.009070   0.057818
.510000E+03   0.047871   0.008904   0.056775
.520000E+03   0.046407   0.008748   0.055155
.530000E+03   0.048791   0.008600   0.057391
.540000E+03   0.047773   0.008460   0.056232
.550000E+03   0.048307   0.008321   0.056629
.560000E+03   0.049887   0.008080   0.057967
.570000E+03   0.052666   0.007850   0.060516
.580000E+03   0.050517   0.007633   0.058150
.590000E+03   0.048332   0.007429   0.055761
.600000E+03   0.051067   0.007238   0.058305
     9.0000
.500000E+03   0.051954   0.009950   0.061904
.510000E+03   0.050856   0.009768   0.060624
.520000E+03   0.049180   0.009597   0.058778
.530000E+03   0.051410   0.009436   0.060846
.540000E+03   0.050227   0.009283   0.059510
.550000E+03   0.050617   0.009132   0.059750
.560000E+03   0.052077   0.008870   0.060947
.570000E+03   0.054782   0.008618   0.063400
.580000E+03   0.052482   0.008382   0.060865
.590000E+03   0.050308   0.008160   0.058468
.600000E+03   0.052858   0.007951   0.060809
     8.5000
.500000E+03   0.055342   0.011105   0.066447
.510000E+03   0.054008   0.010904   0.064912
.520000E+03   0.052107   0.010714   0.062821
.530000E+03   0.054169   0.010535   0.064704
.540000E+03   0.052811   0.010365   0.063176
.550000E+03   0.053047   0.010197   0.063244
.560000E+03   0.054376   0.009907   0.064282
.570000E+03   0.057005   0.009628   0.066633
.580000E+03   0.054540   0.009366   0.063906
.590000E+03   0.052413   0.009119   0.061532
.600000E+03   0.054733   0.008888   0.063621
     8.0000
.500000E+03   0.058919   0.012677   0.071596
.510000E+03   0.057336   0.012449   0.069785
.520000E+03   0.055192   0.012234   0.067425
.530000E+03   0.057073   0.012030   0.069103
.540000E+03   0.055531   0.011837   0.067368
.550000E+03   0.055599   0.011646   0.067245
.560000E+03   0.056786   0.011317   0.068104
.570000E+03   0.059340   0.011001   0.070341
.580000E+03   0.056693   0.010705   0.067398
.590000E+03   0.054659   0.010425   0.065084
.600000E+03   0.056696   0.010163   0.066859
     7.5000
.500000E+03   0.062694   0.014816   0.077510
.510000E+03   0.060848   0.014550   0.075399
.520000E+03   0.058444   0.014300   0.072744
.530000E+03   0.060130   0.014063   0.074194
.540000E+03   0.058394   0.013839   0.072233
.550000E+03   0.058283   0.013618   0.071900
.560000E+03   0.059316   0.013236   0.072552
.570000E+03   0.061791   0.012870   0.074661
.580000E+03   0.058947   0.012526   0.071474
.590000E+03   0.057075   0.012202   0.069277
.600000E+03   0.058757   0.011897   0.070654
     7.0000
.500000E+03   0.066677   0.017723   0.084401
.510000E+03   0.064555   0.017408   0.081963
.520000E+03   0.061873   0.017110   0.078983
.530000E+03   0.063350   0.016828   0.080178
.540000E+03   0.061409   0.016561   0.077970
.550000E+03   0.061105   0.016298   0.077403
.560000E+03   0.061972   0.015845   0.077817
.570000E+03   0.064376   0.015411   0.079787
.580000E+03   0.061312   0.015002   0.076314
.590000E+03   0.059689   0.014617   0.074306
.600000E+03   0.060925   0.014255   0.075180
     6.5000
.500000E+03   0.070880   0.021287   0.092166
.510000E+03   0.068469   0.020910   0.089379
.520000E+03   0.065486   0.020554   0.086040
.530000E+03   0.066740   0.020216   0.086956
.540000E+03   0.064585   0.019898   0.084483
.550000E+03   0.064074   0.019583   0.083656
.560000E+03   0.064761   0.019043   0.083803
.570000E+03   0.067105   0.018524   0.085629
.580000E+03   0.063792   0.018036   0.081828
.590000E+03   0.062527   0.017577   0.080104
.600000E+03   0.063203   0.017145   0.080348
     6.0000
.500000E+03   0.075312   0.025251   0.100563
.510000E+03   0.072598   0.024806   0.097404
.520000E+03   0.069294   0.024385   0.093679
.530000E+03   0.070307   0.023986   0.094294
.540000E+03   0.067929   0.023609   0.091538
.550000E+03   0.067195   0.023237   0.090432
.560000E+03   0.067688   0.022600   0.090288
.570000E+03   0.069983   0.021988   0.091971
.580000E+03   0.066391   0.021412   0.087803
.590000E+03   0.065619   0.020870   0.086489
.600000E+03   0.065611   0.020360   0.085970
     5.5000
.500000E+03   0.079984   0.029634   0.109618
.510000E+03   0.076955   0.029113   0.106068
.520000E+03   0.073305   0.028620   0.101925
.530000E+03   0.074063   0.028154   0.102217
.540000E+03   0.071451   0.027713   0.099163
.550000E+03   0.070478   0.027277   0.097755
.560000E+03   0.070761   0.026532   0.097293
.570000E+03   0.073024   0.025817   0.098841
.580000E+03   0.069118   0.025144   0.094263
.590000E+03   0.069004   0.024510   0.093514
.600000E+03   0.068154   0.023914   0.092067
     5.0000
.500000E+03   0.084909   0.034449   0.119358
.510000E+03   0.081551   0.033846   0.115396
.520000E+03   0.077528   0.033275   0.110803
.530000E+03   0.078015   0.032734   0.110748
.540000E+03   0.075161   0.032222   0.107383
.550000E+03   0.073932   0.031717   0.105649
.560000E+03   0.073989   0.030854   0.104843
.570000E+03   0.076247   0.030025   0.106271
.580000E+03   0.071982   0.029245   0.101228
.590000E+03   0.072750   0.028511   0.101261
.600000E+03   0.070849   0.027819   0.098668
     4.5000
.500000E+03   0.090095   0.040471   0.130566
.510000E+03   0.086399   0.039763   0.126162
.520000E+03   0.081973   0.039094   0.121067
.530000E+03   0.082173   0.038459   0.120632
.540000E+03   0.079070   0.037859   0.116930
.550000E+03   0.077567   0.037267   0.114835
.560000E+03   0.077378   0.036257   0.113635
.570000E+03   0.079672   0.035286   0.114958
.580000E+03   0.074991   0.034373   0.109364
.590000E+03   0.076974   0.033512   0.110486
.600000E+03   0.073726   0.032702   0.106428
     4.0000
.500000E+03   0.095554   0.048958   0.144513
.510000E+03   0.091514   0.048104   0.139618
.520000E+03   0.086649   0.047296   0.133945
.530000E+03   0.086545   0.046531   0.133076
.540000E+03   0.083189   0.045806   0.128996
.550000E+03   0.081393   0.045091   0.126484
.560000E+03   0.080937   0.043872   0.124809
.570000E+03   0.083340   0.042702   0.126042
.580000E+03   0.078154   0.041601   0.119754
.590000E+03   0.081857   0.040563   0.122420
.600000E+03   0.076813   0.039585   0.116398
     3.5000
.500000E+03   0.101299   0.060733   0.162032
.510000E+03   0.096917   0.059677   0.156594
.520000E+03   0.091564   0.058676   0.150241
.530000E+03   0.091142   0.057728   0.148870
.540000E+03   0.087532   0.056831   0.144363
.550000E+03   0.085414   0.055946   0.141360
.560000E+03   0.084670   0.054439   0.139109
.570000E+03   0.087279   0.052990   0.140269
.580000E+03   0.081479   0.051628   0.133107
.590000E+03   0.087526   0.050344   0.137870
.600000E+03   0.080155   0.049134   0.129289
     3.0000
.500000E+03   0.107340   0.076837   0.184176
.510000E+03   0.102623   0.075503   0.178125
.520000E+03   0.096730   0.074239   0.170968
.530000E+03   0.095973   0.073041   0.169015
.540000E+03   0.092110   0.071909   0.164019
.550000E+03   0.089650   0.070790   0.160440
.560000E+03   0.088587   0.068888   0.157475
.570000E+03   0.091519   0.067060   0.158579
.580000E+03   0.084975   0.065341   0.150316
.590000E+03   0.094121   0.063720   0.157841
.600000E+03   0.083768   0.062193   0.145961
     2.5000
.500000E+03   0.113693   0.098920   0.212613
.510000E+03   0.108652   0.097288   0.205940
.520000E+03   0.102157   0.095741   0.197898
.530000E+03   0.101050   0.094275   0.195326
.540000E+03   0.096933   0.092888   0.189821
.550000E+03   0.094104   0.091518   0.185622
.560000E+03   0.092695   0.089205   0.181900
.570000E+03   0.096100   0.086980   0.183080
.580000E+03   0.088650   0.084887   0.173536
.590000E+03   0.101892   0.082912   0.184804
.600000E+03   0.087737   0.081051   0.168788
     2.0000
.500000E+03   0.120375   0.127659   0.248034
.510000E+03   0.115037   0.125780   0.240818
.520000E+03   0.107860   0.123997   0.231857
.530000E+03   0.106389   0.122307   0.228696
.540000E+03   0.102029   0.120704   0.222733
.550000E+03   0.098800   0.119125   0.217925
.560000E+03   0.097006   0.116496   0.213502
.570000E+03   0.101103   0.113966   0.215069
.580000E+03   0.092514   0.111582   0.204095
.590000E+03   0.111198   0.109330   0.220529
.600000E+03   0.092127   0.107205   0.199332
     1.5000
.500000E+03   0.127403   0.163768   0.291171
.510000E+03   0.121813   0.161644   0.283457
.520000E+03   0.113855   0.159623   0.273477
.530000E+03   0.111999   0.157709   0.269708
.540000E+03   0.107422   0.155888   0.263310
.550000E+03   0.103751   0.154099   0.257850
.560000E+03   0.101531   0.151175   0.252706
.570000E+03   0.106580   0.148358   0.254938
.580000E+03   0.096590   0.145699   0.242289
.590000E+03   0.122193   0.143184   0.265377
.600000E+03   0.096996   0.140807   0.237803
     1.0000
.500000E+03   0.134793   0.209347   0.344139
.510000E+03   0.128999   0.206921   0.335920
.520000E+03   0.120159   0.204606   0.324765
.530000E+03   0.117905   0.202418   0.320323
.540000E+03   0.113130   0.200327   0.313457
.550000E+03   0.108976   0.198280   0.307255
.560000E+03   0.106285   0.194998   0.301283
.570000E+03   0.112561   0.191835   0.304396
.580000E+03   0.100902   0.188843   0.289745
.590000E+03   0.134991   0.186009   0.321000
.600000E+03   0.102408   0.183325   0.285734
     0.5000
.500000E+03   0.142578   0.266858   0.409436
.510000E+03   0.136627   0.264063   0.400690
.520000E+03   0.126787   0.261388   0.388175
.530000E+03   0.124119   0.258864   0.382983
.540000E+03   0.119183   0.256442   0.375625
.550000E+03   0.114481   0.254080   0.368561
.560000E+03   0.111278   0.250368   0.361646
.570000E+03   0.119108   0.246788   0.365895
.580000E+03   0.105456   0.243397   0.348853
.590000E+03   0.149816   0.240179   0.389995
.600000E+03   0.108429   0.237127   0.345557
     0.0000
.500000E+03   0.150770   0.339403   0.490173
.510000E+03   0.144729   0.336158   0.480888
.520000E+03   0.133754   0.333042   0.466797
.530000E+03   0.130654   0.330110   0.460765
.540000E+03   0.125596   0.327283   0.452879
.550000E+03   0.120308   0.324538   0.444846
.560000E+03   0.116521   0.320313   0.436835
.570000E+03   0.126276   0.316238   0.442514
.580000E+03   0.110270   0.312371   0.422641
.590000E+03   0.166881   0.308696   0.475577
.600000E+03   0.115132   0.305206   0.420338
