    29.5000
.500000E+03   0.000247   0.000019   0.000267
.510000E+03   0.000278   0.000019   0.000297
.520000E+03   0.000289   0.000019   0.000308
.530000E+03   0.000358   0.000018   0.000376
.540000E+03   0.000370   0.000018   0.000388
.550000E+03   0.000406   0.000018   0.000424
.560000E+03   0.000454   0.000017   0.000471
.570000E+03   0.000521   0.000017   0.000538
.580000E+03   0.000507   0.000017   0.000524
.590000E+03   0.000489   0.000016   0.000504
.600000E+03   0.000552   0.000016   0.000568
    29.0000
.500000E+03   0.000513   0.000042   0.000555
.510000E+03   0.000576   0.000041   0.000617
.520000E+03   0.000599   0.000041   0.000640
.530000E+03   0.000742   0.000040   0.000782
.540000E+03   0.000767   0.000039   0.000806
.550000E+03   0.000842   0.000039   0.000880
.560000E+03   0.000941   0.000037   0.000978
.570000E+03   0.001079   0.000037   0.001116
.580000E+03   0.001051   0.000036   0.001087
.590000E+03   0.001012   0.000034   0.001046
.600000E+03   0.001144   0.000034   0.001178
    28.5000
.500000E+03   0.000798   0.000069   0.000867
.510000E+03   0.000895   0.000067   0.000963
.520000E+03   0.000931   0.000066   0.000998
.530000E+03   0.001153   0.000065   0.001218
.540000E+03   0.001192   0.000064   0.001256
.550000E+03   0.001309   0.000063   0.001371
.560000E+03   0.001463   0.000061   0.001523
.570000E+03   0.001677   0.000059   0.001736
.580000E+03   0.001634   0.000058   0.001692
.590000E+03   0.001573   0.000056   0.001629
.600000E+03   0.001778   0.000055   0.001832
    28.0000
.500000E+03   0.001105   0.000099   0.001204
.510000E+03   0.001239   0.000097   0.001336
.520000E+03   0.001288   0.000096   0.001384
.530000E+03   0.001595   0.000094   0.001689
.540000E+03   0.001649   0.000092   0.001741
.550000E+03   0.001809   0.000091   0.001900
.560000E+03   0.002022   0.000088   0.002110
.570000E+03   0.002318   0.000086   0.002404
.580000E+03   0.002258   0.000084   0.002341
.590000E+03   0.002174   0.000081   0.002255
.600000E+03   0.002457   0.000079   0.002536
    27.5000
.500000E+03   0.001435   0.000135   0.001570
.510000E+03   0.001606   0.000132   0.001738
.520000E+03   0.001671   0.000130   0.001801
.530000E+03   0.002069   0.000128   0.002196
.540000E+03   0.002138   0.000126   0.002264
.550000E+03   0.002346   0.000124   0.002470
.560000E+03   0.002622   0.000120   0.002742
.570000E+03   0.003005   0.000117   0.003121
.580000E+03   0.002927   0.000114   0.003041
.590000E+03   0.002818   0.000110   0.002928
.600000E+03   0.003185   0.000107   0.003292
    27.0000
.500000E+03   0.001790   0.000177   0.001966
.510000E+03   0.002000   0.000173   0.002173
.520000E+03   0.002082   0.000170   0.002252
.530000E+03   0.002577   0.000167   0.002744
.540000E+03   0.002663   0.000164   0.002828
.550000E+03   0.002921   0.000162   0.003083
.560000E+03   0.003265   0.000157   0.003422
.570000E+03   0.003740   0.000153   0.003893
.580000E+03   0.003644   0.000148   0.003793
.590000E+03   0.003508   0.000144   0.003653
.600000E+03   0.003964   0.000140   0.004105
    26.5000
.500000E+03   0.002171   0.000225   0.002396
.510000E+03   0.002424   0.000220   0.002644
.520000E+03   0.002523   0.000217   0.002739
.530000E+03   0.003121   0.000213   0.003334
.540000E+03   0.003227   0.000210   0.003436
.550000E+03   0.003538   0.000206   0.003745
.560000E+03   0.003955   0.000200   0.004155
.570000E+03   0.004529   0.000195   0.004724
.580000E+03   0.004413   0.000189   0.004602
.590000E+03   0.004248   0.000183   0.004432
.600000E+03   0.004800   0.000179   0.004979
    26.0000
.500000E+03   0.002581   0.000281   0.002862
.510000E+03   0.002878   0.000275   0.003153
.520000E+03   0.002996   0.000271   0.003267
.530000E+03   0.003706   0.000266   0.003972
.540000E+03   0.003831   0.000262   0.004093
.550000E+03   0.004200   0.000258   0.004458
.560000E+03   0.004694   0.000250   0.004944
.570000E+03   0.005374   0.000243   0.005617
.580000E+03   0.005237   0.000236   0.005473
.590000E+03   0.005041   0.000229   0.005271
.600000E+03   0.005695   0.000224   0.005918
    25.5000
.500000E+03   0.003022   0.000346   0.003368
.510000E+03   0.003365   0.000340   0.003705
.520000E+03   0.003504   0.000334   0.003838
.530000E+03   0.004334   0.000328   0.004662
.540000E+03   0.004480   0.000323   0.004803
.550000E+03   0.004910   0.000317   0.005227
.560000E+03   0.005488   0.000308   0.005796
.570000E+03   0.006281   0.000299   0.006580
.580000E+03   0.006120   0.000291   0.006411
.590000E+03   0.005892   0.000283   0.006174
.600000E+03   0.006654   0.000275   0.006930
    25.0000
.500000E+03   0.003496   0.000422   0.003918
.510000E+03   0.003888   0.000414   0.004302
.520000E+03   0.004050   0.000407   0.004457
.530000E+03   0.005007   0.000400   0.005406
.540000E+03   0.005177   0.000393   0.005570
.550000E+03   0.005671   0.000387   0.006058
.560000E+03   0.006338   0.000376   0.006714
.570000E+03   0.007252   0.000365   0.007617
.580000E+03   0.007066   0.000355   0.007421
.590000E+03   0.006803   0.000345   0.007147
.600000E+03   0.007682   0.000336   0.008018
    24.5000
.500000E+03   0.004006   0.000509   0.004515
.510000E+03   0.004448   0.000499   0.004948
.520000E+03   0.004635   0.000490   0.005126
.530000E+03   0.005728   0.000482   0.006211
.540000E+03   0.005923   0.000474   0.006397
.550000E+03   0.006487   0.000467   0.006954
.560000E+03   0.007251   0.000453   0.007703
.570000E+03   0.008292   0.000440   0.008732
.580000E+03   0.008081   0.000428   0.008508
.590000E+03   0.007779   0.000416   0.008194
.600000E+03   0.008783   0.000405   0.009188
    24.0000
.500000E+03   0.004553   0.000607   0.005159
.510000E+03   0.005048   0.000595   0.005644
.520000E+03   0.005262   0.000585   0.005847
.530000E+03   0.006502   0.000575   0.007076
.540000E+03   0.006723   0.000565   0.007289
.550000E+03   0.007361   0.000556   0.007918
.560000E+03   0.008228   0.000540   0.008768
.570000E+03   0.009407   0.000524   0.009931
.580000E+03   0.009167   0.000510   0.009677
.590000E+03   0.008824   0.000495   0.009320
.600000E+03   0.009963   0.000483   0.010446
    23.5000
.500000E+03   0.005140   0.000717   0.005856
.510000E+03   0.005690   0.000703   0.006393
.520000E+03   0.005933   0.000691   0.006624
.530000E+03   0.007330   0.000679   0.008009
.540000E+03   0.007581   0.000668   0.008249
.550000E+03   0.008299   0.000657   0.008956
.560000E+03   0.009276   0.000638   0.009914
.570000E+03   0.010601   0.000619   0.011221
.580000E+03   0.010332   0.000602   0.010934
.590000E+03   0.009945   0.000586   0.010530
.600000E+03   0.011227   0.000570   0.011797
    23.0000
.500000E+03   0.005769   0.000841   0.006610
.510000E+03   0.006378   0.000825   0.007203
.520000E+03   0.006653   0.000811   0.007463
.530000E+03   0.008218   0.000797   0.009014
.540000E+03   0.008501   0.000784   0.009285
.550000E+03   0.009302   0.000771   0.010073
.560000E+03   0.010399   0.000748   0.011147
.570000E+03   0.011880   0.000727   0.012607
.580000E+03   0.011580   0.000706   0.012286
.590000E+03   0.011145   0.000687   0.011832
.600000E+03   0.012581   0.000669   0.013250
    22.5000
.500000E+03   0.006442   0.000979   0.007421
.510000E+03   0.007110   0.000961   0.008072
.520000E+03   0.007419   0.000944   0.008363
.530000E+03   0.009162   0.000928   0.010090
.540000E+03   0.009479   0.000913   0.010392
.550000E+03   0.010369   0.000898   0.011267
.560000E+03   0.011592   0.000872   0.012463
.570000E+03   0.013237   0.000847   0.014083
.580000E+03   0.012903   0.000823   0.013726
.590000E+03   0.012418   0.000800   0.013218
.600000E+03   0.014015   0.000780   0.014795
    22.0000
.500000E+03   0.007157   0.001133   0.008289
.510000E+03   0.007885   0.001112   0.008997
.520000E+03   0.008230   0.001092   0.009322
.530000E+03   0.010157   0.001073   0.011231
.540000E+03   0.010509   0.001056   0.011565
.550000E+03   0.011492   0.001038   0.012530
.560000E+03   0.012846   0.001008   0.013853
.570000E+03   0.014661   0.000979   0.015640
.580000E+03   0.014292   0.000951   0.015244
.590000E+03   0.013754   0.000925   0.014679
.600000E+03   0.015520   0.000902   0.016422
    21.5000
.500000E+03   0.007919   0.001301   0.009220
.510000E+03   0.008710   0.001276   0.009986
.520000E+03   0.009090   0.001254   0.010344
.530000E+03   0.011212   0.001233   0.012445
.540000E+03   0.011600   0.001212   0.012813
.550000E+03   0.012678   0.001193   0.013870
.560000E+03   0.014170   0.001157   0.015327
.570000E+03   0.016164   0.001124   0.017288
.580000E+03   0.015758   0.001093   0.016851
.590000E+03   0.015163   0.001063   0.016226
.600000E+03   0.017107   0.001035   0.018142
    21.0000
.500000E+03   0.008733   0.001484   0.010217
.510000E+03   0.009587   0.001457   0.011044
.520000E+03   0.010006   0.001431   0.011437
.530000E+03   0.012332   0.001407   0.013738
.540000E+03   0.012758   0.001383   0.014142
.550000E+03   0.013936   0.001361   0.015297
.560000E+03   0.015574   0.001321   0.016894
.570000E+03   0.017756   0.001283   0.019038
.580000E+03   0.017310   0.001247   0.018557
.590000E+03   0.016656   0.001213   0.017869
.600000E+03   0.018785   0.001181   0.019967
    20.5000
.500000E+03   0.009600   0.001685   0.011285
.510000E+03   0.010517   0.001654   0.012171
.520000E+03   0.010976   0.001625   0.012601
.530000E+03   0.013516   0.001597   0.015113
.540000E+03   0.013982   0.001571   0.015553
.550000E+03   0.015264   0.001545   0.016809
.560000E+03   0.017054   0.001500   0.018553
.570000E+03   0.019431   0.001456   0.020888
.580000E+03   0.018945   0.001416   0.020360
.590000E+03   0.018227   0.001377   0.019604
.600000E+03   0.020551   0.001341   0.021892
    20.0000
.500000E+03   0.010520   0.001906   0.012426
.510000E+03   0.011502   0.001870   0.013372
.520000E+03   0.012002   0.001837   0.013839
.530000E+03   0.014762   0.001806   0.016568
.540000E+03   0.015269   0.001776   0.017045
.550000E+03   0.016658   0.001747   0.018405
.560000E+03   0.018605   0.001695   0.020301
.570000E+03   0.021185   0.001647   0.022832
.580000E+03   0.020655   0.001601   0.022256
.590000E+03   0.019870   0.001557   0.021427
.600000E+03   0.022397   0.001516   0.023913
    19.5000
.500000E+03   0.011489   0.002145   0.013634
.510000E+03   0.012532   0.002105   0.014637
.520000E+03   0.013072   0.002068   0.015140
.530000E+03   0.016054   0.002032   0.018087
.540000E+03   0.016600   0.001999   0.018599
.550000E+03   0.018096   0.001966   0.020062
.560000E+03   0.020201   0.001909   0.022110
.570000E+03   0.022985   0.001854   0.024838
.580000E+03   0.022409   0.001802   0.024211
.590000E+03   0.021555   0.001753   0.023308
.600000E+03   0.024285   0.001707   0.025992
    19.0000
.500000E+03   0.012500   0.002403   0.014903
.510000E+03   0.013599   0.002358   0.015958
.520000E+03   0.014175   0.002317   0.016491
.530000E+03   0.017373   0.002277   0.019651
.540000E+03   0.017956   0.002240   0.020196
.550000E+03   0.019555   0.002203   0.021757
.560000E+03   0.021814   0.002138   0.023953
.570000E+03   0.024796   0.002076   0.026873
.580000E+03   0.024174   0.002018   0.026193
.590000E+03   0.023250   0.001963   0.025213
.600000E+03   0.026180   0.001912   0.028092
    18.5000
.500000E+03   0.013553   0.002680   0.016233
.510000E+03   0.014701   0.002630   0.017331
.520000E+03   0.015307   0.002583   0.017890
.530000E+03   0.018713   0.002539   0.021252
.540000E+03   0.019327   0.002498   0.021825
.550000E+03   0.021022   0.002457   0.023479
.560000E+03   0.023429   0.002384   0.025814
.570000E+03   0.026602   0.002316   0.028918
.580000E+03   0.025932   0.002251   0.028182
.590000E+03   0.024936   0.002190   0.027125
.600000E+03   0.028058   0.002133   0.030191
    18.0000
.500000E+03   0.014646   0.002976   0.017622
.510000E+03   0.015835   0.002921   0.018756
.520000E+03   0.016465   0.002869   0.019334
.530000E+03   0.020064   0.002820   0.022884
.540000E+03   0.020704   0.002774   0.023478
.550000E+03   0.022488   0.002728   0.025216
.560000E+03   0.025033   0.002648   0.027681
.570000E+03   0.028386   0.002572   0.030958
.580000E+03   0.027666   0.002500   0.030165
.590000E+03   0.026599   0.002432   0.029031
.600000E+03   0.029904   0.002368   0.032272
    17.5000
.500000E+03   0.015783   0.003288   0.019071
.510000E+03   0.017003   0.003226   0.020229
.520000E+03   0.017649   0.003169   0.020818
.530000E+03   0.021428   0.003115   0.024543
.540000E+03   0.022088   0.003064   0.025152
.550000E+03   0.023951   0.003014   0.026965
.560000E+03   0.026625   0.002925   0.029550
.570000E+03   0.030145   0.002841   0.032985
.580000E+03   0.029373   0.002761   0.032135
.590000E+03   0.028235   0.002686   0.030921
.600000E+03   0.031711   0.002616   0.034327
    17.0000
.500000E+03   0.016968   0.003609   0.020577
.510000E+03   0.018209   0.003542   0.021751
.520000E+03   0.018863   0.003480   0.022343
.530000E+03   0.022807   0.003420   0.026227
.540000E+03   0.023480   0.003364   0.026844
.550000E+03   0.025414   0.003309   0.028723
.560000E+03   0.028205   0.003211   0.031416
.570000E+03   0.031879   0.003119   0.034998
.580000E+03   0.031056   0.003031   0.034088
.590000E+03   0.029846   0.002949   0.032795
.600000E+03   0.033481   0.002872   0.036353
    16.5000
.500000E+03   0.018207   0.003942   0.022148
.510000E+03   0.019459   0.003868   0.023327
.520000E+03   0.020114   0.003800   0.023914
.530000E+03   0.024209   0.003735   0.027944
.540000E+03   0.024888   0.003674   0.028562
.550000E+03   0.026884   0.003613   0.030497
.560000E+03   0.029781   0.003507   0.033288
.570000E+03   0.033599   0.003406   0.037005
.580000E+03   0.032721   0.003311   0.036032
.590000E+03   0.031438   0.003221   0.034659
.600000E+03   0.035222   0.003137   0.038359
    16.0000
.500000E+03   0.019508   0.004285   0.023793
.510000E+03   0.020761   0.004206   0.024967
.520000E+03   0.021410   0.004131   0.025542
.530000E+03   0.025642   0.004061   0.029703
.540000E+03   0.026322   0.003994   0.030316
.550000E+03   0.028371   0.003928   0.032299
.560000E+03   0.031365   0.003813   0.035178
.570000E+03   0.035315   0.003703   0.039018
.580000E+03   0.034382   0.003599   0.037981
.590000E+03   0.033024   0.003502   0.036526
.600000E+03   0.036948   0.003410   0.040358
    15.5000
.500000E+03   0.020877   0.004635   0.025512
.510000E+03   0.022121   0.004549   0.026671
.520000E+03   0.022757   0.004469   0.027226
.530000E+03   0.027114   0.004392   0.031506
.540000E+03   0.027787   0.004320   0.032107
.550000E+03   0.029881   0.004249   0.034130
.560000E+03   0.032964   0.004124   0.037088
.570000E+03   0.037036   0.004005   0.041041
.580000E+03   0.036044   0.003893   0.039937
.590000E+03   0.034611   0.003787   0.038399
.600000E+03   0.038664   0.003689   0.042352
    15.0000
.500000E+03   0.022324   0.004985   0.027309
.510000E+03   0.023549   0.004893   0.028442
.520000E+03   0.024163   0.004806   0.028969
.530000E+03   0.028634   0.004724   0.033358
.540000E+03   0.029294   0.004647   0.033940
.550000E+03   0.031424   0.004570   0.035994
.560000E+03   0.034587   0.004436   0.039023
.570000E+03   0.038771   0.004308   0.043079
.580000E+03   0.037717   0.004187   0.041904
.590000E+03   0.036207   0.004074   0.040281
.600000E+03   0.040382   0.003967   0.044349
    14.5000
.500000E+03   0.023851   0.005336   0.029187
.510000E+03   0.025045   0.005237   0.030282
.520000E+03   0.025629   0.005144   0.030773
.530000E+03   0.030198   0.005057   0.035254
.540000E+03   0.030837   0.004973   0.035811
.550000E+03   0.032994   0.004892   0.037886
.560000E+03   0.036227   0.004748   0.040975
.570000E+03   0.040511   0.004611   0.045122
.580000E+03   0.039392   0.004482   0.043874
.590000E+03   0.037803   0.004360   0.042164
.600000E+03   0.042087   0.004246   0.046334
    14.0000
.500000E+03   0.025466   0.005687   0.031153
.510000E+03   0.026617   0.005582   0.032199
.520000E+03   0.027159   0.005483   0.032642
.530000E+03   0.031810   0.005389   0.037199
.540000E+03   0.032419   0.005301   0.037720
.550000E+03   0.034591   0.005213   0.039805
.560000E+03   0.037881   0.005060   0.042941
.570000E+03   0.042250   0.004914   0.047164
.580000E+03   0.041064   0.004777   0.045841
.590000E+03   0.039394   0.004647   0.044041
.600000E+03   0.043775   0.004526   0.048301
    13.5000
.500000E+03   0.027176   0.006036   0.033212
.510000E+03   0.028269   0.005924   0.034193
.520000E+03   0.028759   0.005819   0.034578
.530000E+03   0.033470   0.005720   0.039190
.540000E+03   0.034040   0.005626   0.039666
.550000E+03   0.036215   0.005533   0.041749
.560000E+03   0.039547   0.005371   0.044918
.570000E+03   0.043986   0.005216   0.049202
.580000E+03   0.042729   0.005070   0.047798
.590000E+03   0.040977   0.004932   0.045909
.600000E+03   0.045440   0.004803   0.050244
    13.0000
.500000E+03   0.028990   0.006378   0.035368
.510000E+03   0.030012   0.006260   0.036272
.520000E+03   0.030436   0.006149   0.036585
.530000E+03   0.035189   0.006045   0.041233
.540000E+03   0.035709   0.005945   0.041654
.550000E+03   0.037874   0.005847   0.043721
.560000E+03   0.041234   0.005675   0.046909
.570000E+03   0.045727   0.005511   0.051238
.580000E+03   0.044394   0.005357   0.049751
.590000E+03   0.042557   0.005212   0.047769
.600000E+03   0.047089   0.005076   0.052165
    12.5000
.500000E+03   0.030911   0.006724   0.037635
.510000E+03   0.031845   0.006599   0.038444
.520000E+03   0.032189   0.006482   0.038671
.530000E+03   0.036958   0.006371   0.043329
.540000E+03   0.037415   0.006267   0.043682
.550000E+03   0.039555   0.006163   0.045718
.560000E+03   0.042923   0.005983   0.048905
.570000E+03   0.047450   0.005810   0.053259
.580000E+03   0.046038   0.005647   0.051685
.590000E+03   0.044114   0.005494   0.049608
.600000E+03   0.048696   0.005350   0.054047
    12.0000
.500000E+03   0.032950   0.007080   0.040030
.510000E+03   0.033778   0.006948   0.040727
.520000E+03   0.034025   0.006826   0.040851
.530000E+03   0.038784   0.006709   0.045493
.540000E+03   0.039164   0.006599   0.045763
.550000E+03   0.041262   0.006490   0.047752
.560000E+03   0.044619   0.006300   0.050919
.570000E+03   0.049158   0.006117   0.055276
.580000E+03   0.047663   0.005946   0.053610
.590000E+03   0.045652   0.005785   0.051437
.600000E+03   0.050262   0.005634   0.055896
    11.5000
.500000E+03   0.035129   0.007448   0.042577
.510000E+03   0.035835   0.007310   0.043146
.520000E+03   0.035972   0.007181   0.043153
.530000E+03   0.040701   0.007058   0.047759
.540000E+03   0.040992   0.006943   0.047935
.550000E+03   0.043035   0.006828   0.049863
.560000E+03   0.046367   0.006627   0.052994
.570000E+03   0.050903   0.006436   0.057339
.580000E+03   0.049319   0.006256   0.055575
.590000E+03   0.047216   0.006086   0.053302
.600000E+03   0.051841   0.005927   0.057769
    11.0000
.500000E+03   0.037476   0.007831   0.045306
.510000E+03   0.038049   0.007685   0.045734
.520000E+03   0.038064   0.007549   0.045613
.530000E+03   0.042752   0.007421   0.050173
.540000E+03   0.042947   0.007299   0.050245
.550000E+03   0.044925   0.007178   0.052104
.560000E+03   0.048225   0.006968   0.055193
.570000E+03   0.052752   0.006766   0.059518
.580000E+03   0.051072   0.006577   0.057649
.590000E+03   0.048872   0.006399   0.055270
.600000E+03   0.053507   0.006232   0.059739
    10.5000
.500000E+03   0.040005   0.008229   0.048234
.510000E+03   0.040430   0.008077   0.048507
.520000E+03   0.040310   0.007934   0.048244
.530000E+03   0.044948   0.007799   0.052747
.540000E+03   0.045035   0.007670   0.052705
.550000E+03   0.046941   0.007544   0.054485
.560000E+03   0.050200   0.007323   0.057523
.570000E+03   0.054710   0.007112   0.061822
.580000E+03   0.052927   0.006913   0.059840
.590000E+03   0.050624   0.006726   0.057350
.600000E+03   0.055263   0.006550   0.061813
    10.0000
.500000E+03   0.042729   0.008647   0.051375
.510000E+03   0.042991   0.008487   0.051477
.520000E+03   0.042723   0.008337   0.051060
.530000E+03   0.047299   0.008195   0.055494
.540000E+03   0.047266   0.008061   0.055327
.550000E+03   0.049089   0.007928   0.057017
.560000E+03   0.052298   0.007697   0.059995
.570000E+03   0.056784   0.007475   0.064259
.580000E+03   0.054889   0.007267   0.062156
.590000E+03   0.052478   0.007071   0.059549
.600000E+03   0.057112   0.006887   0.063999
     9.5000
.500000E+03   0.045656   0.009097   0.054754
.510000E+03   0.045737   0.008930   0.054667
.520000E+03   0.045305   0.008773   0.054078
.530000E+03   0.049799   0.008624   0.058423
.540000E+03   0.049634   0.008483   0.058117
.550000E+03   0.051361   0.008344   0.059704
.560000E+03   0.054506   0.008101   0.062607
.570000E+03   0.058955   0.007869   0.066824
.580000E+03   0.056940   0.007651   0.064590
.590000E+03   0.054417   0.007445   0.061863
.600000E+03   0.059032   0.007252   0.066285
     9.0000
.500000E+03   0.048800   0.009601   0.058401
.510000E+03   0.048679   0.009425   0.058104
.520000E+03   0.048064   0.009259   0.057323
.530000E+03   0.052453   0.009102   0.061556
.540000E+03   0.052140   0.008954   0.061094
.550000E+03   0.053753   0.008807   0.062561
.560000E+03   0.056817   0.008553   0.065370
.570000E+03   0.061212   0.008308   0.069520
.580000E+03   0.059068   0.008079   0.067147
.590000E+03   0.056429   0.007863   0.064292
.600000E+03   0.061008   0.007660   0.068668
     8.5000
.500000E+03   0.052156   0.010183   0.062340
.510000E+03   0.051810   0.009997   0.061808
.520000E+03   0.050989   0.009822   0.060811
.530000E+03   0.055244   0.009656   0.064901
.540000E+03   0.054764   0.009500   0.064264
.550000E+03   0.056244   0.009345   0.065589
.560000E+03   0.059205   0.009075   0.068280
.570000E+03   0.063523   0.008817   0.072340
.580000E+03   0.061241   0.008575   0.069816
.590000E+03   0.058482   0.008347   0.066829
.600000E+03   0.063003   0.008132   0.071135
     8.0000
.500000E+03   0.055728   0.010883   0.066611
.510000E+03   0.055134   0.010684   0.065818
.520000E+03   0.054085   0.010498   0.064582
.530000E+03   0.058175   0.010321   0.068496
.540000E+03   0.057510   0.010154   0.067664
.550000E+03   0.058836   0.009989   0.068825
.560000E+03   0.061671   0.009702   0.071373
.570000E+03   0.065888   0.009428   0.075316
.580000E+03   0.063460   0.009170   0.072630
.590000E+03   0.060578   0.008927   0.069505
.600000E+03   0.065016   0.008699   0.073715
     7.5000
.500000E+03   0.059521   0.011750   0.071270
.510000E+03   0.058654   0.011537   0.070191
.520000E+03   0.057356   0.011336   0.068692
.530000E+03   0.061253   0.011146   0.072399
.540000E+03   0.060386   0.010966   0.071352
.550000E+03   0.061539   0.010788   0.072326
.560000E+03   0.064226   0.010480   0.074706
.570000E+03   0.068323   0.010185   0.078508
.580000E+03   0.065738   0.009908   0.075646
.590000E+03   0.062736   0.009647   0.072383
.600000E+03   0.067065   0.009402   0.076467
     7.0000
.500000E+03   0.063542   0.012859   0.076402
.510000E+03   0.062385   0.012627   0.075012
.520000E+03   0.060819   0.012408   0.073227
.530000E+03   0.064503   0.012201   0.076703
.540000E+03   0.063418   0.012005   0.075423
.550000E+03   0.064383   0.011811   0.076193
.560000E+03   0.066908   0.011476   0.078384
.570000E+03   0.070875   0.011155   0.082030
.580000E+03   0.068120   0.010853   0.078973
.590000E+03   0.065018   0.010568   0.075587
.600000E+03   0.069200   0.010301   0.079501
     6.5000
.500000E+03   0.067802   0.014255   0.082058
.510000E+03   0.066333   0.013999   0.080332
.520000E+03   0.064478   0.013757   0.078235
.530000E+03   0.067928   0.013528   0.081456
.540000E+03   0.066613   0.013311   0.079924
.550000E+03   0.067371   0.013097   0.080468
.560000E+03   0.069717   0.012728   0.082445
.570000E+03   0.073545   0.012374   0.085919
.580000E+03   0.070605   0.012041   0.082646
.590000E+03   0.067431   0.011728   0.079159
.600000E+03   0.071420   0.011433   0.082854
     6.0000
.500000E+03   0.072312   0.015984   0.088296
.510000E+03   0.070510   0.015697   0.086208
.520000E+03   0.068346   0.015427   0.083773
.530000E+03   0.071540   0.015171   0.086711
.540000E+03   0.069977   0.014929   0.084907
.550000E+03   0.070513   0.014690   0.085203
.560000E+03   0.072664   0.014279   0.086942
.570000E+03   0.076343   0.013883   0.090226
.580000E+03   0.073201   0.013512   0.086714
.590000E+03   0.069971   0.013163   0.083134
.600000E+03   0.073735   0.012834   0.086569
     5.5000
.500000E+03   0.077085   0.018062   0.095148
.510000E+03   0.074931   0.017740   0.092671
.520000E+03   0.072435   0.017436   0.089871
.530000E+03   0.075353   0.017148   0.092500
.540000E+03   0.073528   0.016875   0.090403
.550000E+03   0.073824   0.016606   0.090430
.560000E+03   0.075763   0.016143   0.091906
.570000E+03   0.079285   0.015699   0.094984
.580000E+03   0.075926   0.015282   0.091208
.590000E+03   0.072674   0.014889   0.087563
.600000E+03   0.076162   0.014519   0.090681
     5.0000
.500000E+03   0.082139   0.020495   0.102635
.510000E+03   0.079612   0.020131   0.099743
.520000E+03   0.076763   0.019787   0.096550
.530000E+03   0.079386   0.019461   0.098847
.540000E+03   0.077283   0.019153   0.096436
.550000E+03   0.077325   0.018849   0.096173
.560000E+03   0.079037   0.018326   0.097363
.570000E+03   0.082402   0.017824   0.100226
.580000E+03   0.078802   0.017353   0.096155
.590000E+03   0.075578   0.016909   0.092487
.600000E+03   0.078729   0.016491   0.095220
     4.5000
.500000E+03   0.087487   0.023319   0.110806
.510000E+03   0.084566   0.022906   0.107472
.520000E+03   0.081339   0.022516   0.103855
.530000E+03   0.083648   0.022146   0.105794
.540000E+03   0.081255   0.021796   0.103051
.550000E+03   0.081023   0.021451   0.102474
.560000E+03   0.082493   0.020859   0.103352
.570000E+03   0.085700   0.020291   0.105991
.580000E+03   0.081837   0.019757   0.101593
.590000E+03   0.078723   0.019254   0.097977
.600000E+03   0.081445   0.018780   0.100225
     4.0000
.500000E+03   0.093140   0.026570   0.119710
.510000E+03   0.089807   0.026101   0.115908
.520000E+03   0.086175   0.025657   0.111832
.530000E+03   0.088151   0.025237   0.113389
.540000E+03   0.085452   0.024840   0.110292
.550000E+03   0.084929   0.024447   0.109377
.560000E+03   0.086139   0.023776   0.109915
.570000E+03   0.089191   0.023131   0.112322
.580000E+03   0.085037   0.022525   0.107562
.590000E+03   0.082151   0.021954   0.104105
.600000E+03   0.084322   0.021416   0.105738
     3.5000
.500000E+03   0.099122   0.030606   0.129728
.510000E+03   0.095357   0.030067   0.125424
.520000E+03   0.091291   0.029558   0.120849
.530000E+03   0.092913   0.029075   0.121988
.540000E+03   0.089894   0.028619   0.118512
.550000E+03   0.089059   0.028168   0.117227
.560000E+03   0.089990   0.027397   0.117387
.570000E+03   0.092905   0.026657   0.119562
.580000E+03   0.088416   0.025961   0.114378
.590000E+03   0.085897   0.025306   0.111203
.600000E+03   0.087368   0.024689   0.112056
     3.0000
.500000E+03   0.105461   0.035980   0.141441
.510000E+03   0.101240   0.035349   0.136589
.520000E+03   0.096709   0.034751   0.131460
.530000E+03   0.097955   0.034185   0.132140
.540000E+03   0.094599   0.033650   0.128249
.550000E+03   0.093431   0.033121   0.126552
.560000E+03   0.094062   0.032219   0.126281
.570000E+03   0.096846   0.031352   0.128198
.580000E+03   0.091990   0.030537   0.122526
.590000E+03   0.089984   0.029769   0.119753
.600000E+03   0.090612   0.029046   0.119658
     2.5000
.500000E+03   0.112186   0.043628   0.155814
.510000E+03   0.107485   0.042865   0.150350
.520000E+03   0.102454   0.042143   0.144597
.530000E+03   0.103300   0.041458   0.144758
.540000E+03   0.099590   0.040810   0.140401
.550000E+03   0.098064   0.040171   0.138235
.560000E+03   0.098375   0.039081   0.137457
.570000E+03   0.101042   0.038034   0.139076
.580000E+03   0.095774   0.037049   0.132823
.590000E+03   0.094432   0.036121   0.130553
.600000E+03   0.094060   0.035247   0.129307
     2.0000
.500000E+03   0.119331   0.055178   0.174509
.510000E+03   0.114122   0.054216   0.168338
.520000E+03   0.108557   0.053305   0.161862
.530000E+03   0.108975   0.052441   0.161416
.540000E+03   0.104892   0.051625   0.156516
.550000E+03   0.102984   0.050818   0.153801
.560000E+03   0.102950   0.049445   0.152395
.570000E+03   0.105506   0.048125   0.153631
.580000E+03   0.099786   0.046885   0.146671
.590000E+03   0.099253   0.045715   0.144968
.600000E+03   0.097726   0.044613   0.142340
     1.5000
.500000E+03   0.126919   0.071055   0.197974
.510000E+03   0.121173   0.069819   0.190992
.520000E+03   0.115037   0.068649   0.183685
.530000E+03   0.115000   0.067539   0.182539
.540000E+03   0.110521   0.066490   0.177011
.550000E+03   0.108205   0.065454   0.173659
.560000E+03   0.107802   0.063692   0.171494
.570000E+03   0.110249   0.061998   0.172247
.580000E+03   0.104041   0.060405   0.164447
.590000E+03   0.104462   0.058904   0.163365
.600000E+03   0.101629   0.057489   0.159118
     1.0000
.500000E+03   0.134976   0.091115   0.226091
.510000E+03   0.128655   0.089533   0.218188
.520000E+03   0.121915   0.088034   0.209949
.530000E+03   0.121393   0.086614   0.208007
.540000E+03   0.116492   0.085271   0.201763
.550000E+03   0.113746   0.083945   0.197691
.560000E+03   0.112949   0.081691   0.194640
.570000E+03   0.115296   0.079524   0.194821
.580000E+03   0.108555   0.077487   0.186042
.590000E+03   0.110066   0.075566   0.185632
.600000E+03   0.105777   0.073756   0.179533
     0.5000
.500000E+03   0.143571   0.116502   0.260073
.510000E+03   0.136638   0.114482   0.251120
.520000E+03   0.129251   0.112569   0.241821
.530000E+03   0.128211   0.110756   0.238968
.540000E+03   0.122864   0.109041   0.231905
.550000E+03   0.119653   0.107348   0.227001
.560000E+03   0.118435   0.104472   0.222907
.570000E+03   0.120671   0.101707   0.222378
.580000E+03   0.113364   0.099107   0.212470
.590000E+03   0.116027   0.096655   0.212682
.600000E+03   0.110195   0.094345   0.204540
     0.0000
.500000E+03   0.152785   0.148683   0.301468
.510000E+03   0.145192   0.146110   0.291302
.520000E+03   0.137114   0.143672   0.280786
.530000E+03   0.135516   0.141361   0.276877
.540000E+03   0.129680   0.139176   0.268856
.550000E+03   0.125971   0.137018   0.262989
.560000E+03   0.124309   0.133355   0.257663
.570000E+03   0.126411   0.129832   0.256243
.580000E+03   0.118509   0.126518   0.245028
.590000E+03   0.122305   0.123395   0.245700
.600000E+03   0.114910   0.120451   0.235361
