    29.5000
.500000E+03   0.000306   0.000019   0.000325
.510000E+03   0.000345   0.000019   0.000364
.520000E+03   0.000360   0.000019   0.000379
.530000E+03   0.000447   0.000018   0.000465
.540000E+03   0.000463   0.000018   0.000481
.550000E+03   0.000509   0.000018   0.000527
.560000E+03   0.000569   0.000017   0.000587
.570000E+03   0.000654   0.000017   0.000671
.580000E+03   0.000637   0.000017   0.000654
.590000E+03   0.000614   0.000016   0.000629
.600000E+03   0.000694   0.000015   0.000709
    29.0000
.500000E+03   0.000631   0.000042   0.000673
.510000E+03   0.000712   0.000041   0.000753
.520000E+03   0.000741   0.000040   0.000781
.530000E+03   0.000920   0.000039   0.000960
.540000E+03   0.000953   0.000039   0.000992
.550000E+03   0.001047   0.000038   0.001085
.560000E+03   0.001171   0.000037   0.001208
.570000E+03   0.001344   0.000036   0.001380
.580000E+03   0.001311   0.000035   0.001347
.590000E+03   0.001262   0.000034   0.001296
.600000E+03   0.001426   0.000033   0.001459
    28.5000
.500000E+03   0.000976   0.000067   0.001044
.510000E+03   0.001101   0.000066   0.001166
.520000E+03   0.001145   0.000065   0.001210
.530000E+03   0.001422   0.000064   0.001485
.540000E+03   0.001472   0.000063   0.001535
.550000E+03   0.001617   0.000062   0.001678
.560000E+03   0.001808   0.000060   0.001867
.570000E+03   0.002074   0.000058   0.002132
.580000E+03   0.002023   0.000057   0.002080
.590000E+03   0.001946   0.000055   0.002001
.600000E+03   0.002201   0.000053   0.002254
    28.0000
.500000E+03   0.001344   0.000097   0.001441
.510000E+03   0.001513   0.000094   0.001608
.520000E+03   0.001575   0.000093   0.001667
.530000E+03   0.001953   0.000091   0.002044
.540000E+03   0.002022   0.000090   0.002111
.550000E+03   0.002219   0.000089   0.002307
.560000E+03   0.002481   0.000086   0.002567
.570000E+03   0.002845   0.000084   0.002929
.580000E+03   0.002776   0.000081   0.002857
.590000E+03   0.002670   0.000079   0.002749
.600000E+03   0.003017   0.000077   0.003094
    27.5000
.500000E+03   0.001736   0.000130   0.001866
.510000E+03   0.001951   0.000127   0.002079
.520000E+03   0.002030   0.000125   0.002155
.530000E+03   0.002515   0.000123   0.002638
.540000E+03   0.002603   0.000121   0.002725
.550000E+03   0.002856   0.000119   0.002976
.560000E+03   0.003193   0.000116   0.003309
.570000E+03   0.003661   0.000112   0.003773
.580000E+03   0.003570   0.000109   0.003679
.590000E+03   0.003435   0.000106   0.003541
.600000E+03   0.003880   0.000104   0.003984
    27.0000
.500000E+03   0.002153   0.000169   0.002321
.510000E+03   0.002416   0.000165   0.002581
.520000E+03   0.002513   0.000162   0.002675
.530000E+03   0.003112   0.000160   0.003271
.540000E+03   0.003220   0.000157   0.003377
.550000E+03   0.003531   0.000155   0.003685
.560000E+03   0.003946   0.000150   0.004096
.570000E+03   0.004522   0.000146   0.004667
.580000E+03   0.004410   0.000142   0.004552
.590000E+03   0.004243   0.000137   0.004380
.600000E+03   0.004792   0.000134   0.004926
    26.5000
.500000E+03   0.002596   0.000213   0.002809
.510000E+03   0.002909   0.000209   0.003118
.520000E+03   0.003025   0.000205   0.003231
.530000E+03   0.003743   0.000201   0.003944
.540000E+03   0.003873   0.000198   0.004071
.550000E+03   0.004245   0.000195   0.004440
.560000E+03   0.004743   0.000189   0.004933
.570000E+03   0.005432   0.000184   0.005616
.580000E+03   0.005298   0.000179   0.005477
.590000E+03   0.005097   0.000174   0.005270
.600000E+03   0.005755   0.000169   0.005925
    26.0000
.500000E+03   0.003069   0.000263   0.003333
.510000E+03   0.003433   0.000258   0.003691
.520000E+03   0.003570   0.000254   0.003823
.530000E+03   0.004412   0.000250   0.004662
.540000E+03   0.004564   0.000245   0.004810
.550000E+03   0.005001   0.000242   0.005242
.560000E+03   0.005586   0.000234   0.005821
.570000E+03   0.006395   0.000228   0.006622
.580000E+03   0.006237   0.000221   0.006459
.590000E+03   0.005999   0.000215   0.006214
.600000E+03   0.006773   0.000210   0.006983
    25.5000
.500000E+03   0.003572   0.000322   0.003894
.510000E+03   0.003989   0.000315   0.004305
.520000E+03   0.004147   0.000310   0.004457
.530000E+03   0.005122   0.000305   0.005426
.540000E+03   0.005297   0.000300   0.005597
.550000E+03   0.005801   0.000295   0.006096
.560000E+03   0.006479   0.000286   0.006765
.570000E+03   0.007412   0.000278   0.007690
.580000E+03   0.007229   0.000270   0.007499
.590000E+03   0.006953   0.000263   0.007216
.600000E+03   0.007848   0.000256   0.008104
    25.0000
.500000E+03   0.004109   0.000389   0.004497
.510000E+03   0.004581   0.000381   0.004961
.520000E+03   0.004761   0.000374   0.005135
.530000E+03   0.005874   0.000368   0.006242
.540000E+03   0.006074   0.000362   0.006436
.550000E+03   0.006648   0.000356   0.007004
.560000E+03   0.007422   0.000345   0.007768
.570000E+03   0.008488   0.000336   0.008823
.580000E+03   0.008278   0.000326   0.008604
.590000E+03   0.007961   0.000317   0.008278
.600000E+03   0.008984   0.000309   0.009293
    24.5000
.500000E+03   0.004679   0.000468   0.005147
.510000E+03   0.005207   0.000459   0.005665
.520000E+03   0.005410   0.000451   0.005861
.530000E+03   0.006669   0.000443   0.007112
.540000E+03   0.006894   0.000436   0.007330
.550000E+03   0.007542   0.000429   0.007970
.560000E+03   0.008418   0.000416   0.008834
.570000E+03   0.009621   0.000404   0.010025
.580000E+03   0.009383   0.000393   0.009775
.590000E+03   0.009023   0.000382   0.009405
.600000E+03   0.010179   0.000372   0.010551
    24.0000
.500000E+03   0.005283   0.000565   0.005849
.510000E+03   0.005868   0.000555   0.006422
.520000E+03   0.006096   0.000545   0.006641
.530000E+03   0.007506   0.000535   0.008041
.540000E+03   0.007758   0.000527   0.008284
.550000E+03   0.008481   0.000518   0.009000
.560000E+03   0.009464   0.000503   0.009967
.570000E+03   0.010810   0.000489   0.011298
.580000E+03   0.010542   0.000475   0.011017
.590000E+03   0.010138   0.000461   0.010599
.600000E+03   0.011433   0.000450   0.011883
    23.5000
.500000E+03   0.005922   0.000685   0.006607
.510000E+03   0.006562   0.000672   0.007235
.520000E+03   0.006815   0.000660   0.007476
.530000E+03   0.008380   0.000649   0.009029
.540000E+03   0.008659   0.000639   0.009297
.550000E+03   0.009460   0.000628   0.010088
.560000E+03   0.010551   0.000609   0.011161
.570000E+03   0.012043   0.000592   0.012636
.580000E+03   0.011745   0.000576   0.012320
.590000E+03   0.011293   0.000559   0.011853
.600000E+03   0.012731   0.000545   0.013277
    23.0000
.500000E+03   0.006592   0.000833   0.007425
.510000E+03   0.007288   0.000817   0.008105
.520000E+03   0.007564   0.000803   0.008367
.530000E+03   0.009285   0.000789   0.010074
.540000E+03   0.009590   0.000776   0.010366
.550000E+03   0.010468   0.000764   0.011232
.560000E+03   0.011669   0.000741   0.012410
.570000E+03   0.013309   0.000720   0.014029
.580000E+03   0.012978   0.000700   0.013677
.590000E+03   0.012478   0.000680   0.013158
.600000E+03   0.014060   0.000663   0.014723
    22.5000
.500000E+03   0.007298   0.001011   0.008309
.510000E+03   0.008046   0.000992   0.009039
.520000E+03   0.008346   0.000974   0.009321
.530000E+03   0.010224   0.000958   0.011182
.540000E+03   0.010554   0.000942   0.011496
.550000E+03   0.011510   0.000927   0.012436
.560000E+03   0.012821   0.000899   0.013720
.570000E+03   0.014609   0.000874   0.015483
.580000E+03   0.014244   0.000849   0.015093
.590000E+03   0.013694   0.000826   0.014520
.600000E+03   0.015422   0.000804   0.016227
    22.0000
.500000E+03   0.008041   0.001222   0.009263
.510000E+03   0.008842   0.001199   0.010040
.520000E+03   0.009162   0.001178   0.010340
.530000E+03   0.011199   0.001157   0.012356
.540000E+03   0.011553   0.001139   0.012692
.550000E+03   0.012587   0.001120   0.013706
.560000E+03   0.014009   0.001087   0.015096
.570000E+03   0.015948   0.001056   0.017003
.580000E+03   0.015547   0.001026   0.016573
.590000E+03   0.014945   0.000998   0.015943
.600000E+03   0.016821   0.000972   0.017793
    21.5000
.500000E+03   0.008818   0.001461   0.010279
.510000E+03   0.009666   0.001434   0.011100
.520000E+03   0.010007   0.001408   0.011415
.530000E+03   0.012199   0.001384   0.013584
.540000E+03   0.012576   0.001362   0.013938
.550000E+03   0.013685   0.001339   0.015024
.560000E+03   0.015216   0.001300   0.016516
.570000E+03   0.017303   0.001263   0.018566
.580000E+03   0.016865   0.001227   0.018092
.590000E+03   0.016210   0.001194   0.017404
.600000E+03   0.018232   0.001163   0.019395
    21.0000
.500000E+03   0.009625   0.001723   0.011348
.510000E+03   0.010517   0.001691   0.012208
.520000E+03   0.010873   0.001661   0.012534
.530000E+03   0.013214   0.001632   0.014847
.540000E+03   0.013610   0.001606   0.015216
.550000E+03   0.014789   0.001579   0.016368
.560000E+03   0.016426   0.001533   0.017959
.570000E+03   0.018654   0.001489   0.020143
.580000E+03   0.018179   0.001447   0.019626
.590000E+03   0.017470   0.001408   0.018878
.600000E+03   0.019633   0.001371   0.021004
    20.5000
.500000E+03   0.010463   0.002008   0.012471
.510000E+03   0.011393   0.001970   0.013363
.520000E+03   0.011759   0.001936   0.013694
.530000E+03   0.014240   0.001902   0.016142
.540000E+03   0.014650   0.001871   0.016521
.550000E+03   0.015895   0.001840   0.017735
.560000E+03   0.017629   0.001787   0.019415
.570000E+03   0.019992   0.001735   0.021727
.580000E+03   0.019477   0.001686   0.021164
.590000E+03   0.018715   0.001640   0.020355
.600000E+03   0.021011   0.001598   0.022609
    20.0000
.500000E+03   0.011333   0.002316   0.013649
.510000E+03   0.012292   0.002273   0.014565
.520000E+03   0.012663   0.002233   0.014896
.530000E+03   0.015273   0.002195   0.017467
.540000E+03   0.015693   0.002159   0.017852
.550000E+03   0.016995   0.002123   0.019119
.560000E+03   0.018819   0.002061   0.020880
.570000E+03   0.021307   0.002001   0.023309
.580000E+03   0.020753   0.001945   0.022699
.590000E+03   0.019937   0.001893   0.021829
.600000E+03   0.022358   0.001843   0.024201
    19.5000
.500000E+03   0.012239   0.002636   0.014876
.510000E+03   0.013222   0.002587   0.015809
.520000E+03   0.013592   0.002541   0.016133
.530000E+03   0.016320   0.002498   0.018818
.540000E+03   0.016746   0.002457   0.019203
.550000E+03   0.018101   0.002417   0.020517
.560000E+03   0.020007   0.002345   0.022352
.570000E+03   0.022611   0.002278   0.024889
.580000E+03   0.022016   0.002214   0.024231
.590000E+03   0.021145   0.002154   0.023299
.600000E+03   0.023684   0.002098   0.025782
    19.0000
.500000E+03   0.013189   0.002954   0.016143
.510000E+03   0.014188   0.002899   0.017087
.520000E+03   0.014553   0.002848   0.017401
.530000E+03   0.017392   0.002799   0.020192
.540000E+03   0.017820   0.002753   0.020573
.550000E+03   0.019221   0.002708   0.021929
.560000E+03   0.021204   0.002628   0.023832
.570000E+03   0.023919   0.002553   0.026471
.580000E+03   0.023281   0.002481   0.025762
.590000E+03   0.022355   0.002414   0.024768
.600000E+03   0.025005   0.002351   0.027356
    18.5000
.500000E+03   0.014184   0.003262   0.017446
.510000E+03   0.015191   0.003202   0.018393
.520000E+03   0.015545   0.003145   0.018690
.530000E+03   0.018485   0.003091   0.021576
.540000E+03   0.018909   0.003041   0.021950
.550000E+03   0.020350   0.002990   0.023341
.560000E+03   0.022403   0.002903   0.025305
.570000E+03   0.025219   0.002819   0.028038
.580000E+03   0.024537   0.002740   0.027277
.590000E+03   0.023555   0.002665   0.026220
.600000E+03   0.026309   0.002596   0.028904
    18.0000
.500000E+03   0.015225   0.003554   0.018779
.510000E+03   0.016232   0.003488   0.019720
.520000E+03   0.016570   0.003426   0.019996
.530000E+03   0.019598   0.003368   0.022966
.540000E+03   0.020013   0.003313   0.023325
.550000E+03   0.021486   0.003258   0.024744
.560000E+03   0.023600   0.003162   0.026762
.570000E+03   0.026507   0.003071   0.029578
.580000E+03   0.025780   0.002985   0.028765
.590000E+03   0.024741   0.002904   0.027645
.600000E+03   0.027589   0.002828   0.030417
    17.5000
.500000E+03   0.016317   0.003824   0.020141
.510000E+03   0.017315   0.003753   0.021068
.520000E+03   0.017630   0.003687   0.021316
.530000E+03   0.020734   0.003623   0.024358
.540000E+03   0.021134   0.003564   0.024698
.550000E+03   0.022632   0.003505   0.026138
.560000E+03   0.024798   0.003402   0.028201
.570000E+03   0.027787   0.003304   0.031091
.580000E+03   0.027012   0.003212   0.030224
.590000E+03   0.025916   0.003124   0.029040
.600000E+03   0.028849   0.003043   0.031892
    17.0000
.500000E+03   0.017468   0.004069   0.021537
.510000E+03   0.018448   0.003994   0.022441
.520000E+03   0.018732   0.003923   0.022655
.530000E+03   0.021902   0.003856   0.025758
.540000E+03   0.022281   0.003793   0.026073
.550000E+03   0.023796   0.003730   0.027527
.560000E+03   0.026007   0.003621   0.029627
.570000E+03   0.029067   0.003516   0.032583
.580000E+03   0.028242   0.003418   0.031660
.590000E+03   0.027087   0.003325   0.030412
.600000E+03   0.030097   0.003238   0.033336
    16.5000
.500000E+03   0.018685   0.004295   0.022980
.510000E+03   0.019638   0.004215   0.023853
.520000E+03   0.019887   0.004140   0.024027
.530000E+03   0.023113   0.004070   0.027183
.540000E+03   0.023467   0.004003   0.027470
.550000E+03   0.024994   0.003937   0.028931
.560000E+03   0.027243   0.003821   0.031064
.570000E+03   0.030367   0.003711   0.034078
.580000E+03   0.029490   0.003607   0.033097
.590000E+03   0.028275   0.003509   0.031784
.600000E+03   0.031356   0.003418   0.034774
    16.0000
.500000E+03   0.019982   0.004509   0.024491
.510000E+03   0.020901   0.004425   0.025326
.520000E+03   0.021108   0.004347   0.025455
.530000E+03   0.024386   0.004273   0.028659
.540000E+03   0.024710   0.004203   0.028912
.550000E+03   0.026243   0.004133   0.030376
.560000E+03   0.028526   0.004012   0.032538
.570000E+03   0.031710   0.003896   0.035606
.580000E+03   0.030779   0.003787   0.034566
.590000E+03   0.029500   0.003684   0.033184
.600000E+03   0.032649   0.003588   0.036237
    15.5000
.500000E+03   0.021363   0.004719   0.026082
.510000E+03   0.022238   0.004632   0.026870
.520000E+03   0.022398   0.004550   0.026948
.530000E+03   0.025722   0.004472   0.030193
.540000E+03   0.026011   0.004398   0.030409
.550000E+03   0.027544   0.004326   0.031870
.560000E+03   0.029857   0.004199   0.034056
.570000E+03   0.033095   0.004078   0.037173
.580000E+03   0.032107   0.003964   0.036070
.590000E+03   0.030761   0.003856   0.034617
.600000E+03   0.033974   0.003755   0.037729
    15.0000
.500000E+03   0.022836   0.004933   0.027768
.510000E+03   0.023659   0.004841   0.028500
.520000E+03   0.023765   0.004755   0.028520
.530000E+03   0.027124   0.004674   0.031798
.540000E+03   0.027373   0.004597   0.031970
.550000E+03   0.028901   0.004522   0.033422
.560000E+03   0.031237   0.004389   0.035626
.570000E+03   0.034523   0.004262   0.038785
.580000E+03   0.033473   0.004143   0.037616
.590000E+03   0.032058   0.004031   0.036089
.600000E+03   0.035329   0.003925   0.039254
    14.5000
.500000E+03   0.024406   0.005154   0.029560
.510000E+03   0.025167   0.005058   0.030226
.520000E+03   0.025212   0.004969   0.030181
.530000E+03   0.028601   0.004884   0.033485
.540000E+03   0.028802   0.004804   0.033606
.550000E+03   0.030319   0.004725   0.035044
.560000E+03   0.032674   0.004586   0.037260
.570000E+03   0.036002   0.004453   0.040455
.580000E+03   0.034887   0.004329   0.039216
.590000E+03   0.033399   0.004212   0.037611
.600000E+03   0.036723   0.004102   0.040825
    14.0000
.500000E+03   0.026082   0.005388   0.031470
.510000E+03   0.026772   0.005288   0.032060
.520000E+03   0.026749   0.005195   0.031944
.530000E+03   0.030160   0.005106   0.035266
.540000E+03   0.030309   0.005022   0.035331
.550000E+03   0.031808   0.004939   0.036747
.560000E+03   0.034175   0.004794   0.038970
.570000E+03   0.037540   0.004656   0.042196
.580000E+03   0.036356   0.004526   0.040882
.590000E+03   0.034792   0.004403   0.039195
.600000E+03   0.038166   0.004288   0.042454
    13.5000
.500000E+03   0.027872   0.005639   0.033511
.510000E+03   0.028480   0.005534   0.034015
.520000E+03   0.028382   0.005436   0.033818
.530000E+03   0.031806   0.005344   0.037150
.540000E+03   0.031896   0.005256   0.037152
.550000E+03   0.033371   0.005169   0.038540
.560000E+03   0.035746   0.005017   0.040763
.570000E+03   0.039141   0.004872   0.044013
.580000E+03   0.037883   0.004736   0.042619
.590000E+03   0.036238   0.004608   0.040846
.600000E+03   0.039657   0.004487   0.044144
    13.0000
.500000E+03   0.029788   0.005910   0.035697
.510000E+03   0.030304   0.005800   0.036105
.520000E+03   0.030120   0.005698   0.035818
.530000E+03   0.033548   0.005600   0.039148
.540000E+03   0.033571   0.005508   0.039079
.550000E+03   0.035014   0.005418   0.040431
.560000E+03   0.037388   0.005259   0.042647
.570000E+03   0.040807   0.005107   0.045914
.580000E+03   0.039471   0.004964   0.044435
.590000E+03   0.037741   0.004829   0.042570
.600000E+03   0.041199   0.004703   0.045902
    12.5000
.500000E+03   0.031838   0.006207   0.038046
.510000E+03   0.032251   0.006092   0.038343
.520000E+03   0.031971   0.005985   0.037955
.530000E+03   0.035392   0.005882   0.041274
.540000E+03   0.035339   0.005786   0.041124
.550000E+03   0.036741   0.005690   0.042431
.560000E+03   0.039107   0.005523   0.044631
.570000E+03   0.042542   0.005364   0.047905
.580000E+03   0.041121   0.005214   0.046335
.590000E+03   0.039302   0.005072   0.044374
.600000E+03   0.042792   0.004940   0.047732
    12.0000
.500000E+03   0.034033   0.006539   0.040571
.510000E+03   0.034328   0.006417   0.040746
.520000E+03   0.033942   0.006304   0.040246
.530000E+03   0.037343   0.006196   0.043539
.540000E+03   0.037205   0.006095   0.043300
.550000E+03   0.038559   0.005994   0.044552
.560000E+03   0.040907   0.005818   0.046725
.570000E+03   0.044348   0.005650   0.049998
.580000E+03   0.042839   0.005492   0.048330
.590000E+03   0.040925   0.005343   0.046268
.600000E+03   0.044440   0.005203   0.049643
    11.5000
.500000E+03   0.036380   0.006908   0.043288
.510000E+03   0.036545   0.006780   0.043325
.520000E+03   0.036038   0.006660   0.042698
.530000E+03   0.039405   0.006546   0.045952
.540000E+03   0.039172   0.006439   0.045611
.550000E+03   0.040464   0.006333   0.046796
.560000E+03   0.042784   0.006147   0.048931
.570000E+03   0.046220   0.005969   0.052189
.580000E+03   0.044614   0.005802   0.050416
.590000E+03   0.042602   0.005645   0.048247
.600000E+03   0.046132   0.005498   0.051629
    11.0000
.500000E+03   0.038890   0.007320   0.046211
.510000E+03   0.038908   0.007185   0.046093
.520000E+03   0.038266   0.007057   0.045324
.530000E+03   0.041581   0.006937   0.048518
.540000E+03   0.041240   0.006823   0.048063
.550000E+03   0.042458   0.006710   0.049168
.560000E+03   0.044736   0.006514   0.051250
.570000E+03   0.048154   0.006325   0.054479
.580000E+03   0.046446   0.006148   0.052594
.590000E+03   0.044332   0.005982   0.050313
.600000E+03   0.047862   0.005826   0.053688
    10.5000
.500000E+03   0.041572   0.007802   0.049373
.510000E+03   0.041424   0.007657   0.049081
.520000E+03   0.040631   0.007522   0.048152
.530000E+03   0.043870   0.007394   0.051263
.540000E+03   0.043407   0.007272   0.050679
.550000E+03   0.044536   0.007152   0.051688
.560000E+03   0.046755   0.006943   0.053698
.570000E+03   0.050136   0.006743   0.056879
.580000E+03   0.048320   0.006554   0.054874
.590000E+03   0.046101   0.006377   0.052478
.600000E+03   0.049615   0.006211   0.055826
    10.0000
.500000E+03   0.044438   0.008374   0.052812
.510000E+03   0.044104   0.008220   0.052324
.520000E+03   0.043142   0.008074   0.051216
.530000E+03   0.046280   0.007938   0.054217
.540000E+03   0.045680   0.007807   0.053487
.550000E+03   0.046703   0.007679   0.054382
.560000E+03   0.048844   0.007456   0.056299
.570000E+03   0.052172   0.007242   0.059414
.580000E+03   0.050237   0.007040   0.057278
.590000E+03   0.047915   0.006851   0.054766
.600000E+03   0.051391   0.006673   0.058064
     9.5000
.500000E+03   0.047484   0.009070   0.056554
.510000E+03   0.046946   0.008904   0.055850
.520000E+03   0.045796   0.008748   0.054543
.530000E+03   0.048811   0.008600   0.057411
.540000E+03   0.048060   0.008460   0.056519
.550000E+03   0.048961   0.008321   0.057283
.560000E+03   0.051008   0.008080   0.059088
.570000E+03   0.054267   0.007850   0.062117
.580000E+03   0.052206   0.007633   0.059839
.590000E+03   0.049784   0.007429   0.057214
.600000E+03   0.053197   0.007238   0.060435
     9.0000
.500000E+03   0.050703   0.009950   0.060652
.510000E+03   0.049946   0.009768   0.059714
.520000E+03   0.048594   0.009597   0.058191
.530000E+03   0.051470   0.009436   0.060906
.540000E+03   0.050556   0.009283   0.059839
.550000E+03   0.051323   0.009132   0.060455
.560000E+03   0.053262   0.008870   0.062132
.570000E+03   0.056443   0.008618   0.065062
.580000E+03   0.054246   0.008382   0.062629
.590000E+03   0.051738   0.008160   0.059898
.600000E+03   0.055062   0.007951   0.063013
     8.5000
.500000E+03   0.054101   0.011105   0.065206
.510000E+03   0.053108   0.010904   0.064012
.520000E+03   0.051537   0.010714   0.062251
.530000E+03   0.054254   0.010535   0.064789
.540000E+03   0.053166   0.010365   0.063531
.550000E+03   0.053784   0.010197   0.063981
.560000E+03   0.055601   0.009907   0.065508
.570000E+03   0.058696   0.009628   0.068324
.580000E+03   0.056351   0.009366   0.065717
.590000E+03   0.053783   0.009119   0.062903
.600000E+03   0.056976   0.008888   0.065864
     8.0000
.500000E+03   0.057684   0.012677   0.070361
.510000E+03   0.056440   0.012449   0.068888
.520000E+03   0.054631   0.012234   0.066864
.530000E+03   0.057170   0.012030   0.069200
.540000E+03   0.055895   0.011837   0.067732
.550000E+03   0.056350   0.011646   0.067996
.560000E+03   0.058029   0.011317   0.069346
.570000E+03   0.061032   0.011001   0.072034
.580000E+03   0.058522   0.010705   0.069227
.590000E+03   0.055945   0.010425   0.066370
.600000E+03   0.058945   0.010163   0.069108
     7.5000
.500000E+03   0.061465   0.014816   0.076281
.510000E+03   0.059954   0.014550   0.074504
.520000E+03   0.057889   0.014300   0.072189
.530000E+03   0.060232   0.014063   0.074295
.540000E+03   0.058760   0.013839   0.072599
.550000E+03   0.059036   0.013618   0.072654
.560000E+03   0.060563   0.013236   0.073799
.570000E+03   0.063476   0.012870   0.076346
.580000E+03   0.060779   0.012526   0.073305
.590000E+03   0.058267   0.012202   0.070469
.600000E+03   0.060992   0.011897   0.072890
     7.0000
.500000E+03   0.065459   0.017723   0.083182
.510000E+03   0.063668   0.017408   0.081075
.520000E+03   0.061327   0.017110   0.078437
.530000E+03   0.063460   0.016828   0.080288
.540000E+03   0.061781   0.016561   0.078342
.550000E+03   0.061865   0.016298   0.078163
.560000E+03   0.063226   0.015845   0.079071
.570000E+03   0.066057   0.015411   0.081467
.580000E+03   0.063148   0.015002   0.078150
.590000E+03   0.060787   0.014617   0.075404
.600000E+03   0.063150   0.014255   0.077405
     6.5000
.500000E+03   0.069676   0.021287   0.090963
.510000E+03   0.067591   0.020910   0.088501
.520000E+03   0.064953   0.020554   0.085507
.530000E+03   0.066862   0.020216   0.087079
.540000E+03   0.064965   0.019898   0.084863
.550000E+03   0.064843   0.019583   0.084425
.560000E+03   0.066025   0.019043   0.085068
.570000E+03   0.068776   0.018524   0.087299
.580000E+03   0.065636   0.018036   0.083672
.590000E+03   0.063544   0.017577   0.081121
.600000E+03   0.065426   0.017145   0.082571
     6.0000
.500000E+03   0.074127   0.025251   0.099378
.510000E+03   0.071734   0.024806   0.096540
.520000E+03   0.068778   0.024385   0.093163
.530000E+03   0.070446   0.023986   0.094432
.540000E+03   0.068323   0.023609   0.091932
.550000E+03   0.067978   0.023237   0.091215
.560000E+03   0.068968   0.022600   0.091568
.570000E+03   0.071658   0.021988   0.093645
.580000E+03   0.068248   0.021412   0.089661
.590000E+03   0.066567   0.020870   0.087437
.600000E+03   0.067826   0.020360   0.088186
     5.5000
.500000E+03   0.078819   0.029634   0.108453
.510000E+03   0.076107   0.029113   0.105220
.520000E+03   0.072806   0.028620   0.101427
.530000E+03   0.074217   0.028154   0.102371
.540000E+03   0.071859   0.027713   0.099572
.550000E+03   0.071275   0.027277   0.098552
.560000E+03   0.072056   0.026532   0.098588
.570000E+03   0.074706   0.025817   0.100523
.580000E+03   0.070987   0.025144   0.096132
.590000E+03   0.069913   0.024510   0.094424
.600000E+03   0.070366   0.023914   0.094280
     5.0000
.500000E+03   0.083760   0.034449   0.118209
.510000E+03   0.080717   0.033846   0.114562
.520000E+03   0.077043   0.033275   0.110317
.530000E+03   0.078182   0.032734   0.110915
.540000E+03   0.075580   0.032222   0.107802
.550000E+03   0.074739   0.031717   0.106455
.560000E+03   0.075292   0.030854   0.106146
.570000E+03   0.077934   0.030025   0.107959
.580000E+03   0.073857   0.029245   0.103102
.590000E+03   0.073647   0.028511   0.102158
.600000E+03   0.073056   0.027819   0.100876
     4.5000
.500000E+03   0.088969   0.040471   0.129440
.510000E+03   0.085584   0.039763   0.125347
.520000E+03   0.081506   0.039094   0.120600
.530000E+03   0.082354   0.038459   0.120814
.540000E+03   0.079503   0.037859   0.117363
.550000E+03   0.078384   0.037267   0.115651
.560000E+03   0.078690   0.036257   0.114947
.570000E+03   0.081368   0.035286   0.116654
.580000E+03   0.076871   0.034373   0.111244
.590000E+03   0.077858   0.033512   0.111370
.600000E+03   0.075920   0.032702   0.108622
     4.0000
.500000E+03   0.094467   0.048958   0.143426
.510000E+03   0.090729   0.048104   0.138834
.520000E+03   0.086214   0.047296   0.133510
.530000E+03   0.086754   0.046531   0.133284
.540000E+03   0.083647   0.045806   0.129454
.550000E+03   0.082229   0.045091   0.127320
.560000E+03   0.082267   0.043872   0.126140
.570000E+03   0.085032   0.042702   0.127733
.580000E+03   0.080044   0.041601   0.121644
.590000E+03   0.082629   0.040563   0.123191
.600000E+03   0.078982   0.039585   0.118568
     3.5000
.500000E+03   0.100271   0.060733   0.161004
.510000E+03   0.096171   0.059677   0.155848
.520000E+03   0.091178   0.058676   0.149854
.530000E+03   0.091392   0.057728   0.149120
.540000E+03   0.088022   0.056831   0.144853
.550000E+03   0.086285   0.055946   0.142231
.560000E+03   0.086030   0.054439   0.140469
.570000E+03   0.088948   0.052990   0.141938
.580000E+03   0.083385   0.051628   0.135013
.590000E+03   0.088039   0.050344   0.138383
.600000E+03   0.082270   0.049134   0.131405
     3.0000
.500000E+03   0.106393   0.076837   0.183230
.510000E+03   0.101927   0.075503   0.177429
.520000E+03   0.096412   0.074239   0.170650
.530000E+03   0.096282   0.073041   0.169324
.540000E+03   0.092642   0.071909   0.164551
.550000E+03   0.090557   0.070790   0.161347
.560000E+03   0.089991   0.068888   0.158879
.570000E+03   0.093148   0.067060   0.160209
.580000E+03   0.086908   0.065341   0.152249
.590000E+03   0.094182   0.063720   0.157902
.600000E+03   0.085810   0.062193   0.148003
     2.5000
.500000E+03   0.112849   0.098902   0.211751
.510000E+03   0.108020   0.097274   0.205293
.520000E+03   0.101927   0.095730   0.197657
.530000E+03   0.101436   0.094269   0.195704
.540000E+03   0.097519   0.092884   0.190403
.550000E+03   0.095068   0.091519   0.186587
.560000E+03   0.094158   0.089213   0.183370
.570000E+03   0.097649   0.086996   0.184644
.580000E+03   0.090620   0.084909   0.175529
.590000E+03   0.101160   0.082941   0.184101
.600000E+03   0.089617   0.081086   0.170703
     2.0000
.500000E+03   0.119653   0.127586   0.247239
.510000E+03   0.114455   0.125725   0.240180
.520000E+03   0.107735   0.123955   0.231690
.530000E+03   0.106861   0.122281   0.229142
.540000E+03   0.102664   0.120691   0.223354
.550000E+03   0.099818   0.119126   0.218944
.560000E+03   0.098539   0.116527   0.215067
.570000E+03   0.102489   0.114027   0.216516
.580000E+03   0.094521   0.111671   0.206193
.590000E+03   0.109123   0.109447   0.218570
.600000E+03   0.093749   0.107347   0.201096
     1.5000
.500000E+03   0.126816   0.163629   0.290444
.510000E+03   0.121260   0.161536   0.282796
.520000E+03   0.113847   0.159542   0.273389
.530000E+03   0.112574   0.157659   0.270233
.540000E+03   0.108094   0.155862   0.263956
.550000E+03   0.104822   0.154101   0.258923
.560000E+03   0.103144   0.151235   0.254379
.570000E+03   0.107680   0.148476   0.256156
.580000E+03   0.098624   0.145872   0.244496
.590000E+03   0.118123   0.143409   0.261532
.600000E+03   0.098227   0.141080   0.239307
     1.0000
.500000E+03   0.134355   0.209158   0.343513
.510000E+03   0.128455   0.206775   0.335231
.520000E+03   0.120278   0.204497   0.324775
.530000E+03   0.118578   0.202350   0.320928
.540000E+03   0.113827   0.200292   0.314119
.550000E+03   0.110097   0.198283   0.308380
.560000E+03   0.107982   0.195080   0.303062
.570000E+03   0.113255   0.191994   0.305249
.580000E+03   0.102949   0.189076   0.292026
.590000E+03   0.128198   0.186313   0.314510
.600000E+03   0.103059   0.183696   0.286755
     0.5000
.500000E+03   0.142282   0.266576   0.408857
.510000E+03   0.136062   0.263844   0.399905
.520000E+03   0.127039   0.261226   0.388264
.530000E+03   0.124895   0.258760   0.383656
.540000E+03   0.119873   0.256390   0.376263
.550000E+03   0.115647   0.254084   0.369731
.560000E+03   0.113062   0.250474   0.363536
.570000E+03   0.119253   0.246996   0.366249
.580000E+03   0.107508   0.243702   0.351210
.590000E+03   0.139608   0.240576   0.380184
.600000E+03   0.108335   0.237612   0.345948
     0.0000
.500000E+03   0.150621   0.338862   0.489482
.510000E+03   0.144106   0.335735   0.479841
.520000E+03   0.134142   0.332734   0.466876
.530000E+03   0.131534   0.329908   0.461442
.540000E+03   0.126265   0.327187   0.453452
.550000E+03   0.121489   0.324543   0.446032
.560000E+03   0.118390   0.320473   0.438863
.570000E+03   0.125754   0.316549   0.442303
.580000E+03   0.112306   0.312827   0.425133
.590000E+03   0.152700   0.309290   0.461990
.600000E+03   0.114125   0.305931   0.420056
