    29.5000
.500000E+03   0.000306   0.000019   0.000325
.510000E+03   0.000345   0.000019   0.000364
.520000E+03   0.000360   0.000019   0.000379
.530000E+03   0.000447   0.000018   0.000465
.540000E+03   0.000463   0.000018   0.000481
.550000E+03   0.000509   0.000018   0.000527
.560000E+03   0.000569   0.000017   0.000587
.570000E+03   0.000654   0.000017   0.000671
.580000E+03   0.000637   0.000017   0.000654
.590000E+03   0.000614   0.000016   0.000629
.600000E+03   0.000694   0.000015   0.000709
    29.0000
.500000E+03   0.000631   0.000042   0.000673
.510000E+03   0.000712   0.000041   0.000753
.520000E+03   0.000741   0.000040   0.000781
.530000E+03   0.000920   0.000039   0.000960
.540000E+03   0.000953   0.000039   0.000992
.550000E+03   0.001047   0.000038   0.001085
.560000E+03   0.001171   0.000037   0.001208
.570000E+03   0.001344   0.000036   0.001380
.580000E+03   0.001311   0.000035   0.001347
.590000E+03   0.001262   0.000034   0.001296
.600000E+03   0.001426   0.000033   0.001459
    28.5000
.500000E+03   0.000976   0.000067   0.001044
.510000E+03   0.001101   0.000066   0.001166
.520000E+03   0.001145   0.000065   0.001210
.530000E+03   0.001422   0.000064   0.001485
.540000E+03   0.001472   0.000063   0.001535
.550000E+03   0.001617   0.000062   0.001678
.560000E+03   0.001808   0.000060   0.001867
.570000E+03   0.002074   0.000058   0.002132
.580000E+03   0.002023   0.000057   0.002080
.590000E+03   0.001946   0.000055   0.002001
.600000E+03   0.002201   0.000053   0.002254
    28.0000
.500000E+03   0.001344   0.000097   0.001441
.510000E+03   0.001513   0.000094   0.001608
.520000E+03   0.001575   0.000093   0.001667
.530000E+03   0.001953   0.000091   0.002044
.540000E+03   0.002022   0.000090   0.002111
.550000E+03   0.002219   0.000089   0.002307
.560000E+03   0.002481   0.000086   0.002567
.570000E+03   0.002845   0.000084   0.002929
.580000E+03   0.002776   0.000081   0.002857
.590000E+03   0.002670   0.000079   0.002749
.600000E+03   0.003017   0.000077   0.003094
    27.5000
.500000E+03   0.001736   0.000130   0.001866
.510000E+03   0.001951   0.000127   0.002079
.520000E+03   0.002030   0.000125   0.002155
.530000E+03   0.002515   0.000123   0.002638
.540000E+03   0.002603   0.000121   0.002725
.550000E+03   0.002856   0.000119   0.002976
.560000E+03   0.003193   0.000116   0.003309
.570000E+03   0.003661   0.000112   0.003773
.580000E+03   0.003570   0.000109   0.003679
.590000E+03   0.003435   0.000106   0.003541
.600000E+03   0.003880   0.000104   0.003984
    27.0000
.500000E+03   0.002153   0.000169   0.002321
.510000E+03   0.002416   0.000165   0.002581
.520000E+03   0.002513   0.000162   0.002675
.530000E+03   0.003112   0.000160   0.003271
.540000E+03   0.003220   0.000157   0.003377
.550000E+03   0.003531   0.000155   0.003685
.560000E+03   0.003946   0.000150   0.004096
.570000E+03   0.004522   0.000146   0.004667
.580000E+03   0.004410   0.000142   0.004552
.590000E+03   0.004243   0.000137   0.004380
.600000E+03   0.004792   0.000134   0.004926
    26.5000
.500000E+03   0.002596   0.000213   0.002809
.510000E+03   0.002909   0.000209   0.003118
.520000E+03   0.003025   0.000205   0.003231
.530000E+03   0.003743   0.000201   0.003944
.540000E+03   0.003873   0.000198   0.004071
.550000E+03   0.004245   0.000195   0.004440
.560000E+03   0.004743   0.000189   0.004933
.570000E+03   0.005432   0.000184   0.005616
.580000E+03   0.005298   0.000179   0.005477
.590000E+03   0.005097   0.000174   0.005270
.600000E+03   0.005755   0.000169   0.005925
    26.0000
.500000E+03   0.003069   0.000263   0.003333
.510000E+03   0.003433   0.000258   0.003691
.520000E+03   0.003570   0.000254   0.003823
.530000E+03   0.004412   0.000250   0.004662
.540000E+03   0.004564   0.000245   0.004810
.550000E+03   0.005001   0.000242   0.005242
.560000E+03   0.005586   0.000234   0.005821
.570000E+03   0.006395   0.000228   0.006622
.580000E+03   0.006237   0.000221   0.006459
.590000E+03   0.005999   0.000215   0.006214
.600000E+03   0.006773   0.000210   0.006983
    25.5000
.500000E+03   0.003572   0.000322   0.003894
.510000E+03   0.003989   0.000315   0.004305
.520000E+03   0.004147   0.000310   0.004457
.530000E+03   0.005122   0.000305   0.005426
.540000E+03   0.005297   0.000300   0.005597
.550000E+03   0.005801   0.000295   0.006096
.560000E+03   0.006479   0.000286   0.006765
.570000E+03   0.007412   0.000278   0.007690
.580000E+03   0.007229   0.000270   0.007499
.590000E+03   0.006953   0.000263   0.007216
.600000E+03   0.007848   0.000256   0.008104
    25.0000
.500000E+03   0.004109   0.000389   0.004497
.510000E+03   0.004581   0.000381   0.004961
.520000E+03   0.004761   0.000374   0.005135
.530000E+03   0.005874   0.000368   0.006242
.540000E+03   0.006074   0.000362   0.006436
.550000E+03   0.006648   0.000356   0.007004
.560000E+03   0.007422   0.000345   0.007768
.570000E+03   0.008488   0.000336   0.008823
.580000E+03   0.008278   0.000326   0.008604
.590000E+03   0.007961   0.000317   0.008278
.600000E+03   0.008984   0.000309   0.009293
    24.5000
.500000E+03   0.004679   0.000468   0.005147
.510000E+03   0.005207   0.000459   0.005665
.520000E+03   0.005410   0.000451   0.005861
.530000E+03   0.006669   0.000443   0.007112
.540000E+03   0.006894   0.000436   0.007330
.550000E+03   0.007542   0.000429   0.007970
.560000E+03   0.008418   0.000416   0.008834
.570000E+03   0.009621   0.000404   0.010025
.580000E+03   0.009383   0.000393   0.009775
.590000E+03   0.009023   0.000382   0.009405
.600000E+03   0.010179   0.000372   0.010551
    24.0000
.500000E+03   0.005283   0.000565   0.005849
.510000E+03   0.005868   0.000555   0.006422
.520000E+03   0.006096   0.000545   0.006641
.530000E+03   0.007506   0.000535   0.008041
.540000E+03   0.007758   0.000527   0.008284
.550000E+03   0.008481   0.000518   0.009000
.560000E+03   0.009464   0.000503   0.009967
.570000E+03   0.010810   0.000489   0.011298
.580000E+03   0.010542   0.000475   0.011017
.590000E+03   0.010138   0.000461   0.010599
.600000E+03   0.011433   0.000450   0.011883
    23.5000
.500000E+03   0.005922   0.000685   0.006607
.510000E+03   0.006562   0.000672   0.007235
.520000E+03   0.006815   0.000660   0.007476
.530000E+03   0.008380   0.000649   0.009029
.540000E+03   0.008659   0.000639   0.009297
.550000E+03   0.009460   0.000628   0.010088
.560000E+03   0.010551   0.000609   0.011161
.570000E+03   0.012043   0.000592   0.012636
.580000E+03   0.011745   0.000576   0.012320
.590000E+03   0.011293   0.000559   0.011853
.600000E+03   0.012731   0.000545   0.013277
    23.0000
.500000E+03   0.006592   0.000833   0.007425
.510000E+03   0.007288   0.000817   0.008105
.520000E+03   0.007564   0.000803   0.008367
.530000E+03   0.009285   0.000789   0.010074
.540000E+03   0.009590   0.000776   0.010366
.550000E+03   0.010468   0.000764   0.011232
.560000E+03   0.011669   0.000741   0.012410
.570000E+03   0.013309   0.000720   0.014029
.580000E+03   0.012978   0.000700   0.013677
.590000E+03   0.012478   0.000680   0.013158
.600000E+03   0.014060   0.000663   0.014723
    22.5000
.500000E+03   0.007298   0.001011   0.008309
.510000E+03   0.008046   0.000992   0.009039
.520000E+03   0.008346   0.000974   0.009321
.530000E+03   0.010224   0.000958   0.011182
.540000E+03   0.010554   0.000942   0.011496
.550000E+03   0.011510   0.000927   0.012436
.560000E+03   0.012821   0.000899   0.013720
.570000E+03   0.014609   0.000874   0.015483
.580000E+03   0.014244   0.000849   0.015093
.590000E+03   0.013694   0.000826   0.014520
.600000E+03   0.015422   0.000804   0.016227
    22.0000
.500000E+03   0.008041   0.001222   0.009263
.510000E+03   0.008842   0.001199   0.010040
.520000E+03   0.009162   0.001178   0.010340
.530000E+03   0.011199   0.001157   0.012356
.540000E+03   0.011553   0.001139   0.012692
.550000E+03   0.012587   0.001120   0.013706
.560000E+03   0.014009   0.001087   0.015096
.570000E+03   0.015948   0.001056   0.017003
.580000E+03   0.015547   0.001026   0.016573
.590000E+03   0.014945   0.000998   0.015943
.600000E+03   0.016821   0.000972   0.017793
    21.5000
.500000E+03   0.008818   0.001461   0.010279
.510000E+03   0.009666   0.001434   0.011100
.520000E+03   0.010007   0.001408   0.011415
.530000E+03   0.012199   0.001384   0.013584
.540000E+03   0.012576   0.001362   0.013938
.550000E+03   0.013685   0.001339   0.015024
.560000E+03   0.015216   0.001300   0.016516
.570000E+03   0.017303   0.001263   0.018566
.580000E+03   0.016865   0.001227   0.018092
.590000E+03   0.016210   0.001194   0.017404
.600000E+03   0.018232   0.001163   0.019395
    21.0000
.500000E+03   0.009625   0.001723   0.011348
.510000E+03   0.010517   0.001691   0.012208
.520000E+03   0.010873   0.001661   0.012534
.530000E+03   0.013214   0.001632   0.014847
.540000E+03   0.013610   0.001606   0.015216
.550000E+03   0.014789   0.001579   0.016368
.560000E+03   0.016426   0.001533   0.017959
.570000E+03   0.018654   0.001489   0.020143
.580000E+03   0.018179   0.001447   0.019626
.590000E+03   0.017470   0.001408   0.018878
.600000E+03   0.019633   0.001371   0.021004
    20.5000
.500000E+03   0.010463   0.002008   0.012471
.510000E+03   0.011393   0.001970   0.013363
.520000E+03   0.011759   0.001936   0.013694
.530000E+03   0.014240   0.001902   0.016142
.540000E+03   0.014650   0.001871   0.016521
.550000E+03   0.015895   0.001840   0.017735
.560000E+03   0.017629   0.001787   0.019415
.570000E+03   0.019992   0.001735   0.021727
.580000E+03   0.019477   0.001686   0.021164
.590000E+03   0.018715   0.001640   0.020355
.600000E+03   0.021011   0.001598   0.022609
    20.0000
.500000E+03   0.011333   0.002316   0.013649
.510000E+03   0.012292   0.002273   0.014565
.520000E+03   0.012663   0.002233   0.014896
.530000E+03   0.015273   0.002195   0.017467
.540000E+03   0.015693   0.002159   0.017852
.550000E+03   0.016995   0.002123   0.019119
.560000E+03   0.018819   0.002061   0.020880
.570000E+03   0.021307   0.002001   0.023309
.580000E+03   0.020753   0.001945   0.022699
.590000E+03   0.019937   0.001893   0.021829
.600000E+03   0.022358   0.001843   0.024201
    19.5000
.500000E+03   0.012239   0.002636   0.014876
.510000E+03   0.013222   0.002587   0.015809
.520000E+03   0.013592   0.002541   0.016133
.530000E+03   0.016320   0.002498   0.018818
.540000E+03   0.016746   0.002457   0.019203
.550000E+03   0.018101   0.002417   0.020517
.560000E+03   0.020007   0.002345   0.022352
.570000E+03   0.022611   0.002278   0.024889
.580000E+03   0.022016   0.002214   0.024231
.590000E+03   0.021145   0.002154   0.023299
.600000E+03   0.023684   0.002098   0.025782
    19.0000
.500000E+03   0.013189   0.002954   0.016143
.510000E+03   0.014188   0.002899   0.017087
.520000E+03   0.014553   0.002848   0.017401
.530000E+03   0.017392   0.002799   0.020192
.540000E+03   0.017820   0.002753   0.020573
.550000E+03   0.019221   0.002708   0.021929
.560000E+03   0.021204   0.002628   0.023832
.570000E+03   0.023919   0.002553   0.026471
.580000E+03   0.023281   0.002481   0.025762
.590000E+03   0.022355   0.002414   0.024768
.600000E+03   0.025005   0.002351   0.027356
    18.5000
.500000E+03   0.014184   0.003262   0.017446
.510000E+03   0.015191   0.003202   0.018393
.520000E+03   0.015545   0.003145   0.018690
.530000E+03   0.018485   0.003091   0.021576
.540000E+03   0.018909   0.003041   0.021950
.550000E+03   0.020350   0.002990   0.023341
.560000E+03   0.022403   0.002903   0.025305
.570000E+03   0.025219   0.002819   0.028038
.580000E+03   0.024537   0.002740   0.027277
.590000E+03   0.023555   0.002665   0.026220
.600000E+03   0.026309   0.002596   0.028904
    18.0000
.500000E+03   0.015225   0.003554   0.018779
.510000E+03   0.016232   0.003488   0.019720
.520000E+03   0.016570   0.003426   0.019996
.530000E+03   0.019598   0.003368   0.022966
.540000E+03   0.020013   0.003313   0.023325
.550000E+03   0.021486   0.003258   0.024744
.560000E+03   0.023600   0.003162   0.026762
.570000E+03   0.026507   0.003071   0.029578
.580000E+03   0.025780   0.002985   0.028765
.590000E+03   0.024741   0.002904   0.027645
.600000E+03   0.027589   0.002828   0.030417
    17.5000
.500000E+03   0.016317   0.003824   0.020141
.510000E+03   0.017315   0.003753   0.021068
.520000E+03   0.017630   0.003687   0.021316
.530000E+03   0.020734   0.003623   0.024358
.540000E+03   0.021134   0.003564   0.024698
.550000E+03   0.022632   0.003505   0.026138
.560000E+03   0.024798   0.003402   0.028201
.570000E+03   0.027787   0.003304   0.031091
.580000E+03   0.027012   0.003212   0.030224
.590000E+03   0.025916   0.003124   0.029040
.600000E+03   0.028849   0.003043   0.031892
    17.0000
.500000E+03   0.017468   0.004069   0.021537
.510000E+03   0.018448   0.003994   0.022441
.520000E+03   0.018732   0.003923   0.022655
.530000E+03   0.021902   0.003856   0.025758
.540000E+03   0.022281   0.003793   0.026073
.550000E+03   0.023796   0.003730   0.027527
.560000E+03   0.026007   0.003621   0.029627
.570000E+03   0.029067   0.003516   0.032583
.580000E+03   0.028242   0.003418   0.031660
.590000E+03   0.027087   0.003325   0.030412
.600000E+03   0.030097   0.003238   0.033336
    16.5000
.500000E+03   0.018685   0.004295   0.022980
.510000E+03   0.019638   0.004215   0.023853
.520000E+03   0.019887   0.004140   0.024027
.530000E+03   0.023113   0.004070   0.027183
.540000E+03   0.023467   0.004003   0.027470
.550000E+03   0.024994   0.003937   0.028931
.560000E+03   0.027243   0.003821   0.031064
.570000E+03   0.030367   0.003711   0.034078
.580000E+03   0.029490   0.003607   0.033097
.590000E+03   0.028275   0.003509   0.031784
.600000E+03   0.031356   0.003418   0.034774
    16.0000
.500000E+03   0.019982   0.004509   0.024491
.510000E+03   0.020901   0.004425   0.025326
.520000E+03   0.021108   0.004347   0.025455
.530000E+03   0.024386   0.004273   0.028659
.540000E+03   0.024710   0.004203   0.028912
.550000E+03   0.026243   0.004133   0.030376
.560000E+03   0.028526   0.004012   0.032538
.570000E+03   0.031710   0.003896   0.035606
.580000E+03   0.030779   0.003787   0.034566
.590000E+03   0.029500   0.003684   0.033184
.600000E+03   0.032649   0.003588   0.036237
    15.5000
.500000E+03   0.021363   0.004719   0.026082
.510000E+03   0.022238   0.004632   0.026870
.520000E+03   0.022398   0.004550   0.026948
.530000E+03   0.025722   0.004472   0.030193
.540000E+03   0.026011   0.004398   0.030409
.550000E+03   0.027544   0.004326   0.031870
.560000E+03   0.029857   0.004199   0.034056
.570000E+03   0.033095   0.004078   0.037173
.580000E+03   0.032107   0.003964   0.036070
.590000E+03   0.030761   0.003856   0.034617
.600000E+03   0.033974   0.003755   0.037729
    15.0000
.500000E+03   0.022836   0.004933   0.027768
.510000E+03   0.023659   0.004841   0.028500
.520000E+03   0.023765   0.004755   0.028520
.530000E+03   0.027124   0.004674   0.031798
.540000E+03   0.027373   0.004597   0.031970
.550000E+03   0.028901   0.004522   0.033422
.560000E+03   0.031237   0.004389   0.035626
.570000E+03   0.034523   0.004262   0.038785
.580000E+03   0.033473   0.004143   0.037616
.590000E+03   0.032058   0.004031   0.036089
.600000E+03   0.035329   0.003925   0.039254
    14.5000
.500000E+03   0.024406   0.005154   0.029560
.510000E+03   0.025167   0.005058   0.030226
.520000E+03   0.025212   0.004969   0.030181
.530000E+03   0.028601   0.004884   0.033485
.540000E+03   0.028802   0.004804   0.033606
.550000E+03   0.030319   0.004725   0.035044
.560000E+03   0.032674   0.004586   0.037260
.570000E+03   0.036002   0.004453   0.040455
.580000E+03   0.034887   0.004329   0.039216
.590000E+03   0.033399   0.004212   0.037611
.600000E+03   0.036723   0.004102   0.040825
    14.0000
.500000E+03   0.026082   0.005388   0.031470
.510000E+03   0.026772   0.005288   0.032060
.520000E+03   0.026749   0.005195   0.031944
.530000E+03   0.030160   0.005106   0.035266
.540000E+03   0.030309   0.005022   0.035331
.550000E+03   0.031808   0.004939   0.036747
.560000E+03   0.034175   0.004794   0.038970
.570000E+03   0.037540   0.004656   0.042196
.580000E+03   0.036356   0.004526   0.040882
.590000E+03   0.034792   0.004403   0.039195
.600000E+03   0.038166   0.004288   0.042454
    13.5000
.500000E+03   0.027872   0.005639   0.033511
.510000E+03   0.028480   0.005534   0.034015
.520000E+03   0.028382   0.005436   0.033818
.530000E+03   0.031806   0.005344   0.037150
.540000E+03   0.031896   0.005256   0.037152
.550000E+03   0.033371   0.005169   0.038540
.560000E+03   0.035746   0.005017   0.040763
.570000E+03   0.039141   0.004872   0.044013
.580000E+03   0.037883   0.004736   0.042619
.590000E+03   0.036238   0.004608   0.040846
.600000E+03   0.039657   0.004487   0.044144
    13.0000
.500000E+03   0.029788   0.005910   0.035697
.510000E+03   0.030304   0.005800   0.036105
.520000E+03   0.030120   0.005698   0.035818
.530000E+03   0.033548   0.005600   0.039148
.540000E+03   0.033571   0.005508   0.039079
.550000E+03   0.035014   0.005418   0.040431
.560000E+03   0.037388   0.005259   0.042647
.570000E+03   0.040807   0.005107   0.045914
.580000E+03   0.039471   0.004964   0.044435
.590000E+03   0.037741   0.004829   0.042570
.600000E+03   0.041199   0.004703   0.045902
    12.5000
.500000E+03   0.031838   0.006207   0.038046
.510000E+03   0.032251   0.006092   0.038343
.520000E+03   0.031971   0.005985   0.037955
.530000E+03   0.035392   0.005882   0.041274
.540000E+03   0.035339   0.005786   0.041124
.550000E+03   0.036741   0.005690   0.042431
.560000E+03   0.039107   0.005523   0.044631
.570000E+03   0.042542   0.005364   0.047905
.580000E+03   0.041121   0.005214   0.046335
.590000E+03   0.039302   0.005072   0.044374
.600000E+03   0.042792   0.004940   0.047732
    12.0000
.500000E+03   0.034033   0.006539   0.040571
.510000E+03   0.034328   0.006417   0.040746
.520000E+03   0.033942   0.006304   0.040246
.530000E+03   0.037343   0.006196   0.043539
.540000E+03   0.037205   0.006095   0.043300
.550000E+03   0.038559   0.005994   0.044552
.560000E+03   0.040907   0.005818   0.046725
.570000E+03   0.044348   0.005650   0.049998
.580000E+03   0.042839   0.005492   0.048330
.590000E+03   0.040925   0.005343   0.046268
.600000E+03   0.044440   0.005203   0.049643
    11.5000
.500000E+03   0.036380   0.006908   0.043288
.510000E+03   0.036545   0.006780   0.043325
.520000E+03   0.036038   0.006660   0.042698
.530000E+03   0.039405   0.006546   0.045952
.540000E+03   0.039172   0.006439   0.045611
.550000E+03   0.040464   0.006333   0.046796
.560000E+03   0.042784   0.006147   0.048931
.570000E+03   0.046220   0.005969   0.052189
.580000E+03   0.044614   0.005802   0.050416
.590000E+03   0.042602   0.005645   0.048247
.600000E+03   0.046132   0.005498   0.051629
    11.0000
.500000E+03   0.038890   0.007320   0.046211
.510000E+03   0.038908   0.007185   0.046093
.520000E+03   0.038266   0.007057   0.045324
.530000E+03   0.041581   0.006937   0.048518
.540000E+03   0.041240   0.006823   0.048063
.550000E+03   0.042458   0.006710   0.049168
.560000E+03   0.044736   0.006514   0.051250
.570000E+03   0.048154   0.006325   0.054479
.580000E+03   0.046446   0.006148   0.052594
.590000E+03   0.044332   0.005982   0.050313
.600000E+03   0.047862   0.005826   0.053688
    10.5000
.500000E+03   0.041572   0.007802   0.049373
.510000E+03   0.041424   0.007657   0.049081
.520000E+03   0.040631   0.007522   0.048153
.530000E+03   0.043870   0.007394   0.051263
.540000E+03   0.043407   0.007272   0.050679
.550000E+03   0.044536   0.007152   0.051688
.560000E+03   0.046755   0.006943   0.053698
.570000E+03   0.050136   0.006743   0.056879
.580000E+03   0.048320   0.006554   0.054874
.590000E+03   0.046101   0.006377   0.052478
.600000E+03   0.049615   0.006211   0.055826
    10.0000
.500000E+03   0.044438   0.008374   0.052812
.510000E+03   0.044105   0.008220   0.052324
.520000E+03   0.043142   0.008075   0.051217
.530000E+03   0.046280   0.007938   0.054217
.540000E+03   0.045680   0.007808   0.053487
.550000E+03   0.046703   0.007679   0.054382
.560000E+03   0.048844   0.007456   0.056299
.570000E+03   0.052172   0.007242   0.059414
.580000E+03   0.050237   0.007040   0.057278
.590000E+03   0.047915   0.006851   0.054765
.600000E+03   0.051391   0.006673   0.058063
     9.5000
.500000E+03   0.047484   0.009071   0.056554
.510000E+03   0.046946   0.008904   0.055850
.520000E+03   0.045796   0.008748   0.054543
.530000E+03   0.048811   0.008600   0.057411
.540000E+03   0.048060   0.008460   0.056519
.550000E+03   0.048961   0.008321   0.057283
.560000E+03   0.051008   0.008080   0.059088
.570000E+03   0.054267   0.007850   0.062117
.580000E+03   0.052206   0.007633   0.059839
.590000E+03   0.049784   0.007429   0.057213
.600000E+03   0.053198   0.007237   0.060435
     9.0000
.500000E+03   0.050703   0.009950   0.060653
.510000E+03   0.049946   0.009769   0.059715
.520000E+03   0.048594   0.009598   0.058192
.530000E+03   0.051469   0.009436   0.060906
.540000E+03   0.050556   0.009283   0.059839
.550000E+03   0.051323   0.009132   0.060455
.560000E+03   0.053262   0.008870   0.062132
.570000E+03   0.056443   0.008618   0.065061
.580000E+03   0.054246   0.008382   0.062628
.590000E+03   0.051738   0.008159   0.059897
.600000E+03   0.055062   0.007950   0.063012
     8.5000
.500000E+03   0.054100   0.011106   0.065207
.510000E+03   0.053108   0.010905   0.064013
.520000E+03   0.051536   0.010715   0.062251
.530000E+03   0.054254   0.010535   0.064789
.540000E+03   0.053166   0.010365   0.063531
.550000E+03   0.053784   0.010197   0.063981
.560000E+03   0.055601   0.009906   0.065508
.570000E+03   0.058696   0.009627   0.068323
.580000E+03   0.056351   0.009365   0.065716
.590000E+03   0.053783   0.009119   0.062902
.600000E+03   0.056976   0.008887   0.065863
     8.0000
.500000E+03   0.057684   0.012679   0.070362
.510000E+03   0.056440   0.012450   0.068890
.520000E+03   0.054631   0.012234   0.066865
.530000E+03   0.057170   0.012030   0.069200
.540000E+03   0.055895   0.011837   0.067733
.550000E+03   0.056350   0.011646   0.067996
.560000E+03   0.058029   0.011317   0.069346
.570000E+03   0.061032   0.011001   0.072033
.580000E+03   0.058522   0.010704   0.069226
.590000E+03   0.055945   0.010424   0.066369
.600000E+03   0.058945   0.010161   0.069106
     7.5000
.500000E+03   0.061465   0.014818   0.076282
.510000E+03   0.059954   0.014552   0.074506
.520000E+03   0.057889   0.014301   0.072190
.530000E+03   0.060232   0.014064   0.074296
.540000E+03   0.058760   0.013839   0.072600
.550000E+03   0.059036   0.013618   0.072654
.560000E+03   0.060563   0.013235   0.073798
.570000E+03   0.063476   0.012869   0.076345
.580000E+03   0.060779   0.012524   0.073304
.590000E+03   0.058267   0.012200   0.070467
.600000E+03   0.060993   0.011895   0.072888
     7.0000
.500000E+03   0.065459   0.017726   0.083185
.510000E+03   0.063668   0.017410   0.081078
.520000E+03   0.061327   0.017112   0.078438
.530000E+03   0.063460   0.016829   0.080289
.540000E+03   0.061781   0.016562   0.078343
.550000E+03   0.061865   0.016298   0.078163
.560000E+03   0.063226   0.015844   0.079071
.570000E+03   0.066057   0.015409   0.081466
.580000E+03   0.063149   0.015000   0.078149
.590000E+03   0.060787   0.014615   0.075401
.600000E+03   0.063150   0.014252   0.077402
     6.5000
.500000E+03   0.069676   0.021290   0.090966
.510000E+03   0.067590   0.020913   0.088503
.520000E+03   0.064954   0.020556   0.085510
.530000E+03   0.066862   0.020218   0.087080
.540000E+03   0.064965   0.019898   0.084864
.550000E+03   0.064843   0.019583   0.084425
.560000E+03   0.066026   0.019042   0.085067
.570000E+03   0.068775   0.018522   0.087298
.580000E+03   0.065636   0.018034   0.083670
.590000E+03   0.063544   0.017574   0.081118
.600000E+03   0.065426   0.017141   0.082568
     6.0000
.500000E+03   0.074127   0.025255   0.099383
.510000E+03   0.071734   0.024809   0.096544
.520000E+03   0.068778   0.024388   0.093166
.530000E+03   0.070446   0.023988   0.094434
.540000E+03   0.068323   0.023610   0.091933
.550000E+03   0.067978   0.023237   0.091215
.560000E+03   0.068968   0.022599   0.091567
.570000E+03   0.071658   0.021986   0.093643
.580000E+03   0.068248   0.021410   0.089657
.590000E+03   0.066567   0.020866   0.087433
.600000E+03   0.067826   0.020355   0.088182
     5.5000
.500000E+03   0.078820   0.029639   0.108458
.510000E+03   0.076107   0.029117   0.105224
.520000E+03   0.072806   0.028624   0.101429
.530000E+03   0.074218   0.028156   0.102374
.540000E+03   0.071859   0.027714   0.099573
.550000E+03   0.071275   0.027277   0.098552
.560000E+03   0.072056   0.026531   0.098587
.570000E+03   0.074706   0.025815   0.100520
.580000E+03   0.070987   0.025141   0.096128
.590000E+03   0.069913   0.024506   0.094420
.600000E+03   0.070366   0.023909   0.094274
     5.0000
.500000E+03   0.083760   0.034455   0.118216
.510000E+03   0.080717   0.033851   0.114567
.520000E+03   0.077043   0.033278   0.110321
.530000E+03   0.078182   0.032736   0.110918
.540000E+03   0.075580   0.032223   0.107803
.550000E+03   0.074739   0.031716   0.106455
.560000E+03   0.075292   0.030852   0.106144
.570000E+03   0.077933   0.030022   0.107956
.580000E+03   0.073857   0.029242   0.103099
.590000E+03   0.073647   0.028506   0.102153
.600000E+03   0.073057   0.027813   0.100870
     4.5000
.500000E+03   0.088969   0.039620   0.128589
.510000E+03   0.085584   0.038926   0.124510
.520000E+03   0.081506   0.038269   0.119775
.530000E+03   0.082354   0.037646   0.120001
.540000E+03   0.079503   0.037058   0.116561
.550000E+03   0.078385   0.036476   0.114861
.560000E+03   0.078691   0.035486   0.114176
.570000E+03   0.081368   0.034533   0.115901
.580000E+03   0.076871   0.033638   0.110509
.590000E+03   0.077858   0.032795   0.110653
.600000E+03   0.075920   0.032000   0.107919
     4.0000
.500000E+03   0.094467   0.045025   0.139492
.510000E+03   0.090729   0.044238   0.134967
.520000E+03   0.086214   0.043492   0.129706
.530000E+03   0.086754   0.042786   0.129540
.540000E+03   0.083647   0.042118   0.125766
.550000E+03   0.082229   0.041458   0.123688
.560000E+03   0.082267   0.040335   0.122602
.570000E+03   0.085031   0.039255   0.124287
.580000E+03   0.080043   0.038240   0.118283
.590000E+03   0.082628   0.037284   0.119912
.600000E+03   0.078982   0.036382   0.115365
     3.5000
.500000E+03   0.100270   0.051081   0.151352
.510000E+03   0.096171   0.050189   0.146360
.520000E+03   0.091178   0.049345   0.140523
.530000E+03   0.091392   0.048545   0.139937
.540000E+03   0.088022   0.047788   0.135810
.550000E+03   0.086285   0.047041   0.133325
.560000E+03   0.086030   0.045769   0.131799
.570000E+03   0.088948   0.044546   0.133494
.580000E+03   0.083385   0.043397   0.126782
.590000E+03   0.088039   0.042313   0.130353
.600000E+03   0.082270   0.041293   0.123563
     3.0000
.500000E+03   0.106393   0.058327   0.164720
.510000E+03   0.101927   0.057310   0.159237
.520000E+03   0.096411   0.056347   0.152759
.530000E+03   0.096283   0.055435   0.151717
.540000E+03   0.092643   0.054572   0.147214
.550000E+03   0.090557   0.053719   0.144277
.560000E+03   0.089991   0.052270   0.142261
.570000E+03   0.093149   0.050876   0.144025
.580000E+03   0.086908   0.049566   0.136474
.590000E+03   0.094182   0.048331   0.142512
.600000E+03   0.085810   0.047167   0.132977
     2.5000
.500000E+03   0.112849   0.067501   0.180350
.510000E+03   0.108019   0.066326   0.174346
.520000E+03   0.101927   0.065213   0.167140
.530000E+03   0.101435   0.064159   0.165594
.540000E+03   0.097519   0.063161   0.160680
.550000E+03   0.095068   0.062176   0.157245
.560000E+03   0.094158   0.060502   0.154659
.570000E+03   0.097649   0.058892   0.156541
.580000E+03   0.090620   0.057378   0.147998
.590000E+03   0.101160   0.055951   0.157111
.600000E+03   0.089617   0.054606   0.144224
     2.0000
.500000E+03   0.119652   0.079744   0.199396
.510000E+03   0.114455   0.078358   0.192813
.520000E+03   0.107735   0.077045   0.184779
.530000E+03   0.106861   0.075801   0.182662
.540000E+03   0.102664   0.074624   0.177287
.550000E+03   0.099818   0.073461   0.173279
.560000E+03   0.098539   0.071487   0.170026
.570000E+03   0.102489   0.069588   0.172077
.580000E+03   0.094522   0.067803   0.162325
.590000E+03   0.109124   0.066120   0.175244
.600000E+03   0.093749   0.064534   0.158283
     1.5000
.500000E+03   0.126816   0.095621   0.222437
.510000E+03   0.121260   0.093961   0.215221
.520000E+03   0.113847   0.092389   0.206236
.530000E+03   0.112574   0.090899   0.203473
.540000E+03   0.108094   0.089489   0.197583
.550000E+03   0.104822   0.088097   0.192919
.560000E+03   0.103144   0.085734   0.188878
.570000E+03   0.107680   0.083461   0.191141
.580000E+03   0.098624   0.081323   0.179947
.590000E+03   0.118123   0.079308   0.197432
.600000E+03   0.098227   0.077410   0.175637
     1.0000
.500000E+03   0.134355   0.115680   0.250035
.510000E+03   0.128455   0.113675   0.242129
.520000E+03   0.120278   0.111774   0.232053
.530000E+03   0.118578   0.109974   0.228552
.540000E+03   0.113827   0.108271   0.222098
.550000E+03   0.110096   0.106588   0.216685
.560000E+03   0.107982   0.103733   0.211715
.570000E+03   0.113255   0.100987   0.214242
.580000E+03   0.102949   0.098405   0.201354
.590000E+03   0.128197   0.095971   0.224168
.600000E+03   0.103060   0.093677   0.196736
     0.5000
.500000E+03   0.142282   0.141068   0.283349
.510000E+03   0.136062   0.138624   0.274686
.520000E+03   0.127039   0.136310   0.263349
.530000E+03   0.124895   0.134116   0.259011
.540000E+03   0.119873   0.132041   0.251914
.550000E+03   0.115647   0.129992   0.245639
.560000E+03   0.113062   0.126514   0.239576
.570000E+03   0.119253   0.123170   0.242423
.580000E+03   0.107508   0.120025   0.227533
.590000E+03   0.139608   0.117060   0.256668
.600000E+03   0.108335   0.114266   0.222601
     0.0000
.500000E+03   0.150620   0.173252   0.323872
.510000E+03   0.144107   0.170254   0.314361
.520000E+03   0.134142   0.167414   0.301556
.530000E+03   0.131534   0.164722   0.296256
.540000E+03   0.126265   0.162176   0.288441
.550000E+03   0.121489   0.159661   0.281150
.560000E+03   0.118390   0.155396   0.273786
.570000E+03   0.125754   0.151293   0.277047
.580000E+03   0.112306   0.147434   0.259740
.590000E+03   0.152700   0.143797   0.296497
.600000E+03   0.114125   0.140369   0.254494
