    29.5000
.500000E+03   0.000362   0.000019   0.000381
.510000E+03   0.000420   0.000019   0.000438
.520000E+03   0.000452   0.000019   0.000470
.530000E+03   0.000589   0.000018   0.000607
.540000E+03   0.000621   0.000018   0.000639
.550000E+03   0.000693   0.000018   0.000711
.560000E+03   0.000790   0.000017   0.000807
.570000E+03   0.000917   0.000017   0.000934
.580000E+03   0.000898   0.000017   0.000915
.590000E+03   0.000865   0.000016   0.000881
.600000E+03   0.000988   0.000015   0.001003
    29.0000
.500000E+03   0.000739   0.000042   0.000781
.510000E+03   0.000856   0.000041   0.000897
.520000E+03   0.000921   0.000040   0.000961
.530000E+03   0.001199   0.000039   0.001239
.540000E+03   0.001263   0.000039   0.001302
.550000E+03   0.001408   0.000038   0.001447
.560000E+03   0.001605   0.000037   0.001642
.570000E+03   0.001861   0.000036   0.001898
.580000E+03   0.001823   0.000035   0.001859
.590000E+03   0.001756   0.000034   0.001790
.600000E+03   0.002005   0.000033   0.002038
    28.5000
.500000E+03   0.001135   0.000067   0.001203
.510000E+03   0.001312   0.000066   0.001378
.520000E+03   0.001409   0.000065   0.001473
.530000E+03   0.001831   0.000064   0.001894
.540000E+03   0.001928   0.000063   0.001990
.550000E+03   0.002148   0.000062   0.002209
.560000E+03   0.002446   0.000060   0.002505
.570000E+03   0.002835   0.000058   0.002893
.580000E+03   0.002777   0.000057   0.002833
.590000E+03   0.002674   0.000055   0.002729
.600000E+03   0.003051   0.000053   0.003104
    28.0000
.500000E+03   0.001550   0.000097   0.001647
.510000E+03   0.001787   0.000094   0.001881
.520000E+03   0.001917   0.000093   0.002010
.530000E+03   0.002486   0.000091   0.002577
.540000E+03   0.002615   0.000090   0.002705
.550000E+03   0.002911   0.000089   0.003000
.560000E+03   0.003314   0.000086   0.003399
.570000E+03   0.003838   0.000084   0.003921
.580000E+03   0.003759   0.000081   0.003840
.590000E+03   0.003620   0.000079   0.003699
.600000E+03   0.004128   0.000077   0.004205
    27.5000
.500000E+03   0.001984   0.000130   0.002115
.510000E+03   0.002283   0.000127   0.002410
.520000E+03   0.002446   0.000125   0.002571
.530000E+03   0.003165   0.000123   0.003288
.540000E+03   0.003327   0.000121   0.003448
.550000E+03   0.003701   0.000119   0.003820
.560000E+03   0.004209   0.000116   0.004325
.570000E+03   0.004872   0.000112   0.004985
.580000E+03   0.004770   0.000109   0.004880
.590000E+03   0.004595   0.000106   0.004701
.600000E+03   0.005236   0.000104   0.005340
    27.0000
.500000E+03   0.002440   0.000169   0.002609
.510000E+03   0.002801   0.000165   0.002966
.520000E+03   0.002997   0.000162   0.003159
.530000E+03   0.003869   0.000160   0.004028
.540000E+03   0.004064   0.000157   0.004222
.550000E+03   0.004517   0.000155   0.004672
.560000E+03   0.005134   0.000150   0.005284
.570000E+03   0.005939   0.000146   0.006084
.580000E+03   0.005813   0.000142   0.005955
.590000E+03   0.005599   0.000137   0.005736
.600000E+03   0.006379   0.000134   0.006513
    26.5000
.500000E+03   0.002919   0.000213   0.003132
.510000E+03   0.003342   0.000209   0.003550
.520000E+03   0.003571   0.000205   0.003776
.530000E+03   0.004599   0.000201   0.004801
.540000E+03   0.004829   0.000198   0.005027
.550000E+03   0.005362   0.000195   0.005557
.560000E+03   0.006089   0.000189   0.006278
.570000E+03   0.007038   0.000184   0.007222
.580000E+03   0.006889   0.000179   0.007068
.590000E+03   0.006634   0.000174   0.006808
.600000E+03   0.007555   0.000169   0.007724
    26.0000
.500000E+03   0.003422   0.000263   0.003685
.510000E+03   0.003908   0.000258   0.004166
.520000E+03   0.004170   0.000254   0.004424
.530000E+03   0.005358   0.000250   0.005608
.540000E+03   0.005621   0.000245   0.005866
.550000E+03   0.006236   0.000242   0.006478
.560000E+03   0.007075   0.000234   0.007310
.570000E+03   0.008173   0.000228   0.008401
.580000E+03   0.007998   0.000221   0.008220
.590000E+03   0.007702   0.000215   0.007917
.600000E+03   0.008767   0.000210   0.008976
    25.5000
.500000E+03   0.003951   0.000322   0.004272
.510000E+03   0.004500   0.000315   0.004815
.520000E+03   0.004796   0.000310   0.005106
.530000E+03   0.006147   0.000305   0.006451
.540000E+03   0.006442   0.000300   0.006742
.550000E+03   0.007141   0.000295   0.007436
.560000E+03   0.008096   0.000286   0.008382
.570000E+03   0.009345   0.000278   0.009623
.580000E+03   0.009143   0.000270   0.009413
.590000E+03   0.008803   0.000263   0.009066
.600000E+03   0.010015   0.000256   0.010271
    25.0000
.500000E+03   0.004506   0.000389   0.004895
.510000E+03   0.005120   0.000381   0.005501
.520000E+03   0.005449   0.000374   0.005823
.530000E+03   0.006966   0.000368   0.007334
.540000E+03   0.007295   0.000362   0.007657
.550000E+03   0.008079   0.000356   0.008435
.560000E+03   0.009150   0.000345   0.009496
.570000E+03   0.010554   0.000336   0.010890
.580000E+03   0.010324   0.000326   0.010650
.590000E+03   0.009940   0.000317   0.010257
.600000E+03   0.011303   0.000309   0.011612
    24.5000
.500000E+03   0.005085   0.000468   0.005552
.510000E+03   0.005760   0.000459   0.006218
.520000E+03   0.006120   0.000451   0.006571
.530000E+03   0.007801   0.000443   0.008244
.540000E+03   0.008163   0.000436   0.008598
.550000E+03   0.009030   0.000429   0.009458
.560000E+03   0.010217   0.000416   0.010633
.570000E+03   0.011773   0.000404   0.012177
.580000E+03   0.011514   0.000393   0.011907
.590000E+03   0.011085   0.000382   0.011468
.600000E+03   0.012597   0.000372   0.012969
    24.0000
.500000E+03   0.005679   0.000565   0.006244
.510000E+03   0.006412   0.000555   0.006966
.520000E+03   0.006800   0.000545   0.007345
.530000E+03   0.008638   0.000535   0.009173
.540000E+03   0.009028   0.000527   0.009555
.550000E+03   0.009974   0.000518   0.010493
.560000E+03   0.011272   0.000503   0.011774
.570000E+03   0.012976   0.000489   0.013464
.580000E+03   0.012687   0.000475   0.013161
.590000E+03   0.012213   0.000461   0.012674
.600000E+03   0.013868   0.000450   0.014318
    23.5000
.500000E+03   0.006292   0.000685   0.006977
.510000E+03   0.007078   0.000672   0.007750
.520000E+03   0.007490   0.000660   0.008151
.530000E+03   0.009477   0.000649   0.010126
.540000E+03   0.009892   0.000639   0.010531
.550000E+03   0.010914   0.000628   0.011542
.560000E+03   0.012315   0.000609   0.012925
.570000E+03   0.014160   0.000592   0.014752
.580000E+03   0.013841   0.000576   0.014416
.590000E+03   0.013322   0.000559   0.013882
.600000E+03   0.015115   0.000545   0.015660
    23.0000
.500000E+03   0.006925   0.000833   0.007758
.510000E+03   0.007759   0.000817   0.008577
.520000E+03   0.008192   0.000803   0.008995
.530000E+03   0.010320   0.000789   0.011109
.540000E+03   0.010758   0.000776   0.011534
.550000E+03   0.011849   0.000764   0.012612
.560000E+03   0.013350   0.000741   0.014091
.570000E+03   0.015328   0.000720   0.016048
.580000E+03   0.014978   0.000700   0.015678
.590000E+03   0.014415   0.000680   0.015095
.600000E+03   0.016339   0.000663   0.017002
    22.5000
.500000E+03   0.007576   0.001011   0.008587
.510000E+03   0.008452   0.000992   0.009445
.520000E+03   0.008900   0.000974   0.009874
.530000E+03   0.011157   0.000958   0.012114
.540000E+03   0.011611   0.000942   0.012554
.550000E+03   0.012765   0.000927   0.013692
.560000E+03   0.014356   0.000899   0.015255
.570000E+03   0.016458   0.000874   0.017332
.580000E+03   0.016076   0.000849   0.016926
.590000E+03   0.015469   0.000826   0.016295
.600000E+03   0.017515   0.000804   0.018320
    22.0000
.500000E+03   0.008244   0.001222   0.009466
.510000E+03   0.009155   0.001199   0.010354
.520000E+03   0.009609   0.001178   0.010787
.530000E+03   0.011980   0.001157   0.013137
.540000E+03   0.012446   0.001139   0.013584
.550000E+03   0.013653   0.001120   0.014773
.560000E+03   0.015323   0.001087   0.016410
.570000E+03   0.017536   0.001056   0.018592
.580000E+03   0.017122   0.001026   0.018148
.590000E+03   0.016472   0.000998   0.017470
.600000E+03   0.018627   0.000972   0.019599
    21.5000
.500000E+03   0.008936   0.001461   0.010397
.510000E+03   0.009874   0.001434   0.011307
.520000E+03   0.010329   0.001408   0.011738
.530000E+03   0.012800   0.001384   0.014184
.540000E+03   0.013271   0.001362   0.014633
.550000E+03   0.014526   0.001339   0.015865
.560000E+03   0.016264   0.001300   0.017564
.570000E+03   0.018577   0.001263   0.019840
.580000E+03   0.018130   0.001227   0.019357
.590000E+03   0.017438   0.001194   0.018632
.600000E+03   0.019691   0.001163   0.020854
    21.0000
.500000E+03   0.009663   0.001723   0.011386
.510000E+03   0.010621   0.001691   0.012311
.520000E+03   0.011073   0.001661   0.012734
.530000E+03   0.013633   0.001632   0.015265
.540000E+03   0.014105   0.001606   0.015711
.550000E+03   0.015400   0.001579   0.016979
.560000E+03   0.017200   0.001533   0.018733
.570000E+03   0.019605   0.001489   0.021094
.580000E+03   0.019123   0.001447   0.020570
.590000E+03   0.018389   0.001408   0.019797
.600000E+03   0.020733   0.001371   0.022104
    20.5000
.500000E+03   0.010430   0.002008   0.012438
.510000E+03   0.011403   0.001970   0.013373
.520000E+03   0.011845   0.001936   0.013781
.530000E+03   0.014487   0.001902   0.016389
.540000E+03   0.014955   0.001871   0.016826
.550000E+03   0.016285   0.001840   0.018125
.560000E+03   0.018140   0.001787   0.019927
.570000E+03   0.020630   0.001735   0.022365
.580000E+03   0.020112   0.001686   0.021798
.590000E+03   0.019335   0.001640   0.020975
.600000E+03   0.021764   0.001598   0.023362
    20.0000
.500000E+03   0.011246   0.002316   0.013563
.510000E+03   0.012226   0.002273   0.014499
.520000E+03   0.012655   0.002233   0.014888
.530000E+03   0.015370   0.002195   0.017565
.540000E+03   0.015831   0.002159   0.017990
.550000E+03   0.017190   0.002123   0.019314
.560000E+03   0.019096   0.002061   0.021157
.570000E+03   0.021664   0.002001   0.023665
.580000E+03   0.021108   0.001945   0.023053
.590000E+03   0.020287   0.001893   0.022180
.600000E+03   0.022795   0.001843   0.024638
    19.5000
.500000E+03   0.012111   0.002636   0.014747
.510000E+03   0.013090   0.002587   0.015677
.520000E+03   0.013499   0.002541   0.016040
.530000E+03   0.016277   0.002498   0.018775
.540000E+03   0.016724   0.002457   0.019181
.550000E+03   0.018106   0.002417   0.020522
.560000E+03   0.020053   0.002345   0.022399
.570000E+03   0.022690   0.002278   0.024968
.580000E+03   0.022094   0.002214   0.024308
.590000E+03   0.021229   0.002154   0.023383
.600000E+03   0.023807   0.002098   0.025905
    19.0000
.500000E+03   0.013027   0.002954   0.015981
.510000E+03   0.013996   0.002899   0.016895
.520000E+03   0.014376   0.002848   0.017224
.530000E+03   0.017203   0.002799   0.020002
.540000E+03   0.017630   0.002753   0.020383
.550000E+03   0.019026   0.002708   0.021734
.560000E+03   0.021004   0.002628   0.023632
.570000E+03   0.023698   0.002553   0.026251
.580000E+03   0.023061   0.002481   0.025542
.590000E+03   0.022150   0.002414   0.024564
.600000E+03   0.024789   0.002351   0.027139
    18.5000
.500000E+03   0.013994   0.003262   0.017257
.510000E+03   0.014942   0.003202   0.018144
.520000E+03   0.015284   0.003145   0.018429
.530000E+03   0.018139   0.003091   0.021230
.540000E+03   0.018538   0.003041   0.021578
.550000E+03   0.019935   0.002990   0.022925
.560000E+03   0.021930   0.002903   0.024833
.570000E+03   0.024665   0.002819   0.027484
.580000E+03   0.023985   0.002740   0.026724
.590000E+03   0.023029   0.002665   0.025694
.600000E+03   0.025711   0.002596   0.028307
    18.0000
.500000E+03   0.015022   0.003554   0.018576
.510000E+03   0.015935   0.003488   0.019423
.520000E+03   0.016228   0.003426   0.019655
.530000E+03   0.019091   0.003368   0.022459
.540000E+03   0.019452   0.003313   0.022765
.550000E+03   0.020839   0.003258   0.024097
.560000E+03   0.022837   0.003162   0.025999
.570000E+03   0.025595   0.003071   0.028666
.580000E+03   0.024869   0.002985   0.027854
.590000E+03   0.023868   0.002904   0.026772
.600000E+03   0.026579   0.002828   0.029407
    17.5000
.500000E+03   0.016116   0.003824   0.019940
.510000E+03   0.016981   0.003753   0.020734
.520000E+03   0.017214   0.003687   0.020901
.530000E+03   0.020064   0.003623   0.023687
.540000E+03   0.020377   0.003564   0.023941
.550000E+03   0.021740   0.003505   0.025245
.560000E+03   0.023724   0.003402   0.027126
.570000E+03   0.026487   0.003304   0.029792
.580000E+03   0.025714   0.003212   0.028926
.590000E+03   0.024667   0.003124   0.027792
.600000E+03   0.027389   0.003043   0.030432
    17.0000
.500000E+03   0.017297   0.004069   0.021366
.510000E+03   0.018100   0.003994   0.022094
.520000E+03   0.018263   0.003923   0.022186
.530000E+03   0.021082   0.003856   0.024938
.540000E+03   0.021340   0.003793   0.025133
.550000E+03   0.022668   0.003730   0.026398
.560000E+03   0.024626   0.003621   0.028246
.570000E+03   0.027381   0.003516   0.030897
.580000E+03   0.026557   0.003418   0.029975
.590000E+03   0.025463   0.003325   0.028788
.600000E+03   0.028183   0.003238   0.031422
    16.5000
.500000E+03   0.018562   0.004295   0.022857
.510000E+03   0.019292   0.004215   0.023507
.520000E+03   0.019376   0.004140   0.023516
.530000E+03   0.022148   0.004070   0.026218
.540000E+03   0.022341   0.004003   0.026344
.550000E+03   0.023624   0.003937   0.027561
.560000E+03   0.025544   0.003821   0.029366
.570000E+03   0.028278   0.003711   0.031989
.580000E+03   0.027401   0.003607   0.031008
.590000E+03   0.026257   0.003509   0.029767
.600000E+03   0.028964   0.003418   0.032382
    16.0000
.500000E+03   0.019918   0.004509   0.024427
.510000E+03   0.020563   0.004425   0.024988
.520000E+03   0.020559   0.004347   0.024906
.530000E+03   0.023274   0.004273   0.027547
.540000E+03   0.023396   0.004203   0.027599
.550000E+03   0.024626   0.004133   0.028759
.560000E+03   0.026500   0.004012   0.030512
.570000E+03   0.029203   0.003896   0.033099
.580000E+03   0.028269   0.003787   0.032056
.590000E+03   0.027074   0.003684   0.030758
.600000E+03   0.029760   0.003588   0.033348
    15.5000
.500000E+03   0.021367   0.004719   0.026087
.510000E+03   0.021918   0.004632   0.026550
.520000E+03   0.021819   0.004550   0.026369
.530000E+03   0.024467   0.004472   0.028939
.540000E+03   0.024513   0.004398   0.028911
.550000E+03   0.025681   0.004326   0.030007
.560000E+03   0.027504   0.004199   0.031702
.570000E+03   0.030168   0.004078   0.034245
.580000E+03   0.029174   0.003964   0.033137
.590000E+03   0.027923   0.003856   0.031779
.600000E+03   0.030582   0.003755   0.034337
    15.0000
.500000E+03   0.022918   0.004933   0.027850
.510000E+03   0.023365   0.004841   0.028206
.520000E+03   0.023165   0.004755   0.027920
.530000E+03   0.025739   0.004674   0.030414
.540000E+03   0.025703   0.004597   0.030300
.550000E+03   0.026805   0.004522   0.031326
.560000E+03   0.028570   0.004389   0.032959
.570000E+03   0.031192   0.004262   0.035454
.580000E+03   0.030134   0.004143   0.034277
.590000E+03   0.028824   0.004031   0.032855
.600000E+03   0.031453   0.003925   0.035378
    14.5000
.500000E+03   0.024573   0.005154   0.029727
.510000E+03   0.024906   0.005058   0.029965
.520000E+03   0.024598   0.004969   0.029567
.530000E+03   0.027093   0.004884   0.031977
.540000E+03   0.026969   0.004804   0.031773
.550000E+03   0.027998   0.004725   0.032723
.560000E+03   0.029703   0.004586   0.034289
.570000E+03   0.032276   0.004453   0.036729
.580000E+03   0.031151   0.004329   0.035479
.590000E+03   0.029778   0.004212   0.033990
.600000E+03   0.032373   0.004102   0.036474
    14.0000
.500000E+03   0.026340   0.005388   0.031728
.510000E+03   0.026549   0.005288   0.031838
.520000E+03   0.026126   0.005195   0.031321
.530000E+03   0.028534   0.005106   0.033640
.540000E+03   0.028315   0.005022   0.033337
.550000E+03   0.029267   0.004939   0.034206
.560000E+03   0.030904   0.004794   0.035699
.570000E+03   0.033423   0.004656   0.038079
.580000E+03   0.032226   0.004526   0.036751
.590000E+03   0.030787   0.004403   0.035190
.600000E+03   0.033342   0.004288   0.037630
    13.5000
.500000E+03   0.028220   0.005639   0.033858
.510000E+03   0.028296   0.005534   0.033830
.520000E+03   0.027749   0.005436   0.033186
.530000E+03   0.030063   0.005344   0.035406
.540000E+03   0.029744   0.005256   0.034999
.550000E+03   0.030610   0.005169   0.035779
.560000E+03   0.032176   0.005017   0.037194
.570000E+03   0.034635   0.004872   0.039507
.580000E+03   0.033361   0.004736   0.038098
.590000E+03   0.031853   0.004608   0.036460
.600000E+03   0.034364   0.004487   0.038852
    13.0000
.500000E+03   0.030216   0.005910   0.036125
.510000E+03   0.030149   0.005800   0.035950
.520000E+03   0.029472   0.005698   0.035169
.530000E+03   0.031683   0.005600   0.037284
.540000E+03   0.031257   0.005508   0.036765
.550000E+03   0.032033   0.005418   0.037451
.560000E+03   0.033522   0.005259   0.038780
.570000E+03   0.035916   0.005107   0.041022
.580000E+03   0.034561   0.004964   0.039525
.590000E+03   0.032978   0.004829   0.037807
.600000E+03   0.035443   0.004703   0.040145
    12.5000
.500000E+03   0.032338   0.006207   0.038545
.510000E+03   0.032119   0.006092   0.038212
.520000E+03   0.031301   0.005985   0.037286
.530000E+03   0.033403   0.005882   0.039285
.540000E+03   0.032862   0.005786   0.038648
.550000E+03   0.033540   0.005690   0.039231
.560000E+03   0.034945   0.005523   0.040468
.570000E+03   0.037269   0.005364   0.042633
.580000E+03   0.035828   0.005214   0.041042
.590000E+03   0.034168   0.005072   0.039240
.600000E+03   0.036579   0.004940   0.041518
    12.0000
.500000E+03   0.034596   0.006539   0.041135
.510000E+03   0.034214   0.006417   0.040632
.520000E+03   0.033246   0.006304   0.039550
.530000E+03   0.035228   0.006196   0.041425
.540000E+03   0.034565   0.006095   0.040660
.550000E+03   0.035138   0.005994   0.041132
.560000E+03   0.036452   0.005818   0.042270
.570000E+03   0.038700   0.005650   0.044350
.580000E+03   0.037168   0.005492   0.042659
.590000E+03   0.035428   0.005343   0.040771
.600000E+03   0.037777   0.005203   0.042981
    11.5000
.500000E+03   0.036995   0.006908   0.043903
.510000E+03   0.036438   0.006780   0.043219
.520000E+03   0.035311   0.006660   0.041971
.530000E+03   0.037164   0.006546   0.043710
.540000E+03   0.036370   0.006439   0.042809
.550000E+03   0.036830   0.006333   0.043163
.560000E+03   0.038046   0.006147   0.044193
.570000E+03   0.040212   0.005969   0.046181
.580000E+03   0.038581   0.005802   0.044383
.590000E+03   0.036761   0.005645   0.042406
.600000E+03   0.039040   0.005498   0.044538
    11.0000
.500000E+03   0.039539   0.007320   0.046859
.510000E+03   0.038796   0.007185   0.045981
.520000E+03   0.037498   0.007057   0.044555
.530000E+03   0.039212   0.006937   0.046149
.540000E+03   0.038280   0.006823   0.045103
.550000E+03   0.038619   0.006710   0.045329
.560000E+03   0.039729   0.006514   0.046243
.570000E+03   0.041807   0.006325   0.048132
.580000E+03   0.040071   0.006148   0.046219
.590000E+03   0.038174   0.005982   0.044156
.600000E+03   0.040370   0.005826   0.046196
    10.5000
.500000E+03   0.042235   0.007802   0.050037
.510000E+03   0.041295   0.007657   0.048952
.520000E+03   0.039814   0.007522   0.047336
.530000E+03   0.041379   0.007394   0.048773
.540000E+03   0.040300   0.007272   0.047572
.550000E+03   0.040509   0.007152   0.047661
.560000E+03   0.041506   0.006943   0.048449
.570000E+03   0.043491   0.006743   0.050234
.580000E+03   0.041642   0.006554   0.048196
.590000E+03   0.039674   0.006377   0.046051
.600000E+03   0.041771   0.006211   0.047982
    10.0000
.500000E+03   0.045092   0.008374   0.053466
.510000E+03   0.043942   0.008220   0.052161
.520000E+03   0.042266   0.008074   0.050341
.530000E+03   0.043672   0.007938   0.051610
.540000E+03   0.042436   0.007807   0.050244
.550000E+03   0.042506   0.007679   0.050185
.560000E+03   0.043382   0.007456   0.050838
.570000E+03   0.045270   0.007242   0.052512
.580000E+03   0.043298   0.007040   0.050338
.590000E+03   0.041276   0.006851   0.048127
.600000E+03   0.043248   0.006673   0.049921
     9.5000
.500000E+03   0.048115   0.009070   0.057185
.510000E+03   0.046743   0.008904   0.055647
.520000E+03   0.044860   0.008748   0.053608
.530000E+03   0.046096   0.008600   0.054695
.540000E+03   0.044694   0.008460   0.053154
.550000E+03   0.044616   0.008321   0.052937
.560000E+03   0.045361   0.008080   0.053442
.570000E+03   0.047151   0.007850   0.055001
.580000E+03   0.045043   0.007633   0.052677
.590000E+03   0.042993   0.007429   0.050422
.600000E+03   0.044806   0.007238   0.052044
     9.0000
.500000E+03   0.051312   0.009950   0.061262
.510000E+03   0.049706   0.009768   0.059474
.520000E+03   0.047602   0.009597   0.057199
.530000E+03   0.048656   0.009436   0.058092
.540000E+03   0.047081   0.009283   0.056364
.550000E+03   0.046844   0.009132   0.055976
.560000E+03   0.047450   0.008870   0.056320
.570000E+03   0.049141   0.008618   0.057760
.580000E+03   0.046884   0.008382   0.055267
.590000E+03   0.044840   0.008160   0.053000
.600000E+03   0.046453   0.007951   0.054404
     8.5000
.500000E+03   0.054692   0.011105   0.065797
.510000E+03   0.052839   0.010904   0.063743
.520000E+03   0.050499   0.010714   0.061213
.530000E+03   0.051360   0.010535   0.061895
.540000E+03   0.049602   0.010365   0.059967
.550000E+03   0.049196   0.010197   0.059394
.560000E+03   0.049653   0.009907   0.059560
.570000E+03   0.051249   0.009628   0.060877
.580000E+03   0.048826   0.009366   0.058192
.590000E+03   0.046842   0.009119   0.055961
.600000E+03   0.048196   0.008888   0.057084
     8.0000
.500000E+03   0.058264   0.012677   0.070941
.510000E+03   0.056153   0.012449   0.068602
.520000E+03   0.053560   0.012234   0.065794
.530000E+03   0.054217   0.012030   0.066247
.540000E+03   0.052267   0.011837   0.064104
.550000E+03   0.051681   0.011646   0.063327
.560000E+03   0.051978   0.011317   0.063295
.570000E+03   0.053484   0.011001   0.064485
.580000E+03   0.050874   0.010705   0.061579
.590000E+03   0.049016   0.010425   0.059442
.600000E+03   0.050043   0.010163   0.060206
     7.5000
.500000E+03   0.062037   0.014816   0.076852
.510000E+03   0.059655   0.014550   0.074205
.520000E+03   0.056791   0.014300   0.071092
.530000E+03   0.057232   0.014063   0.071295
.540000E+03   0.055081   0.013839   0.068920
.550000E+03   0.054303   0.013618   0.067920
.560000E+03   0.054429   0.013236   0.067665
.570000E+03   0.055846   0.012870   0.068716
.580000E+03   0.053032   0.012526   0.065559
.590000E+03   0.051403   0.012202   0.063605
.600000E+03   0.052002   0.011897   0.063899
     7.0000
.500000E+03   0.066016   0.017723   0.083739
.510000E+03   0.063353   0.017408   0.080761
.520000E+03   0.060199   0.017110   0.077309
.530000E+03   0.060411   0.016828   0.077239
.540000E+03   0.058052   0.016561   0.074613
.550000E+03   0.057068   0.016298   0.073366
.560000E+03   0.057012   0.015845   0.072857
.570000E+03   0.058360   0.015411   0.073770
.580000E+03   0.055309   0.015002   0.070311
.590000E+03   0.054030   0.014617   0.068647
.600000E+03   0.054078   0.014255   0.068333
     6.5000
.500000E+03   0.070212   0.021287   0.091498
.510000E+03   0.067258   0.020910   0.088167
.520000E+03   0.063791   0.020554   0.084345
.530000E+03   0.063762   0.020216   0.083978
.540000E+03   0.061187   0.019898   0.081085
.550000E+03   0.059984   0.019583   0.079567
.560000E+03   0.059732   0.019043   0.078775
.570000E+03   0.061032   0.018524   0.079556
.580000E+03   0.057708   0.018036   0.075744
.590000E+03   0.056940   0.017577   0.074517
.600000E+03   0.056289   0.017145   0.073434
     6.0000
.500000E+03   0.074633   0.025251   0.099884
.510000E+03   0.071378   0.024806   0.096184
.520000E+03   0.067575   0.024385   0.091960
.530000E+03   0.067291   0.023986   0.091278
.540000E+03   0.064494   0.023609   0.088104
.550000E+03   0.063057   0.023237   0.086294
.560000E+03   0.062596   0.022600   0.085196
.570000E+03   0.063869   0.021988   0.085857
.580000E+03   0.060235   0.021412   0.081647
.590000E+03   0.060193   0.020870   0.081063
.600000E+03   0.058649   0.020360   0.079009
     5.5000
.500000E+03   0.079289   0.029634   0.108923
.510000E+03   0.075724   0.029113   0.104837
.520000E+03   0.071559   0.028620   0.100179
.530000E+03   0.071008   0.028154   0.099162
.540000E+03   0.067983   0.027713   0.095695
.550000E+03   0.066295   0.027277   0.093572
.560000E+03   0.065609   0.026532   0.092141
.570000E+03   0.066897   0.025817   0.092714
.580000E+03   0.062897   0.025144   0.088041
.590000E+03   0.063863   0.024510   0.088373
.600000E+03   0.061166   0.023914   0.085080
     5.0000
.500000E+03   0.084191   0.034449   0.118640
.510000E+03   0.080308   0.033846   0.114154
.520000E+03   0.075750   0.033275   0.109025
.530000E+03   0.074919   0.032734   0.107653
.540000E+03   0.071662   0.032222   0.103884
.550000E+03   0.069706   0.031717   0.101422
.560000E+03   0.068777   0.030854   0.099631
.570000E+03   0.070129   0.030025   0.100154
.580000E+03   0.065700   0.029245   0.094945
.590000E+03   0.068045   0.028511   0.096556
.600000E+03   0.063871   0.027819   0.091691
     4.5000
.500000E+03   0.089347   0.040471   0.129817
.510000E+03   0.085140   0.039763   0.124903
.520000E+03   0.080158   0.039094   0.119252
.530000E+03   0.079033   0.038459   0.117492
.540000E+03   0.075536   0.037859   0.113396
.550000E+03   0.073296   0.037267   0.110563
.560000E+03   0.072107   0.036257   0.108363
.570000E+03   0.073577   0.035286   0.108863
.580000E+03   0.068651   0.034373   0.103023
.590000E+03   0.072758   0.033512   0.106270
.600000E+03   0.066766   0.032702   0.099468
     4.0000
.500000E+03   0.094767   0.048958   0.143725
.510000E+03   0.090232   0.048104   0.138337
.520000E+03   0.084790   0.047296   0.132087
.530000E+03   0.083356   0.046531   0.129887
.540000E+03   0.079615   0.045806   0.125422
.550000E+03   0.077068   0.045091   0.122160
.560000E+03   0.075604   0.043872   0.119476
.570000E+03   0.077247   0.042702   0.119949
.580000E+03   0.071754   0.041601   0.113355
.590000E+03   0.077997   0.040563   0.118560
.600000E+03   0.069869   0.039585   0.109455
     3.5000
.500000E+03   0.100464   0.060733   0.161197
.510000E+03   0.095609   0.059677   0.155285
.520000E+03   0.089656   0.058676   0.148332
.530000E+03   0.087900   0.057728   0.145628
.540000E+03   0.083916   0.056831   0.140748
.550000E+03   0.081044   0.055946   0.136990
.560000E+03   0.079275   0.054439   0.133714
.570000E+03   0.081208   0.052990   0.134198
.580000E+03   0.075023   0.051628   0.126651
.590000E+03   0.084128   0.050344   0.134472
.600000E+03   0.073243   0.049134   0.122377
     3.0000
.500000E+03   0.106451   0.076837   0.183288
.510000E+03   0.101304   0.075503   0.176806
.520000E+03   0.094766   0.074239   0.169005
.530000E+03   0.092676   0.073041   0.165718
.540000E+03   0.088460   0.071909   0.160368
.550000E+03   0.085234   0.070790   0.156024
.560000E+03   0.083130   0.068888   0.152019
.570000E+03   0.085562   0.067060   0.152622
.580000E+03   0.078471   0.065341   0.143812
.590000E+03   0.091768   0.063720   0.155488
.600000E+03   0.077020   0.062193   0.139213
     2.5000
.500000E+03   0.112753   0.099258   0.212012
.510000E+03   0.107355   0.097550   0.204905
.520000E+03   0.100140   0.095932   0.196072
.530000E+03   0.097708   0.094398   0.192106
.540000E+03   0.093282   0.092948   0.186230
.550000E+03   0.089667   0.091515   0.181182
.560000E+03   0.087184   0.089089   0.176272
.570000E+03   0.090402   0.086756   0.177157
.580000E+03   0.082115   0.084561   0.166676
.590000E+03   0.101371   0.082491   0.183862
.600000E+03   0.081309   0.080540   0.161850
     2.0000
.500000E+03   0.119392   0.129013   0.248405
.510000E+03   0.113827   0.126830   0.240657
.520000E+03   0.105801   0.124761   0.230562
.530000E+03   0.103011   0.122800   0.225811
.540000E+03   0.098424   0.120945   0.219369
.550000E+03   0.094367   0.119114   0.213481
.560000E+03   0.091451   0.116032   0.207483
.570000E+03   0.095868   0.113068   0.208935
.580000E+03   0.085984   0.110278   0.196261
.590000E+03   0.113475   0.107646   0.221121
.600000E+03   0.086236   0.105163   0.191399
     1.5000
.500000E+03   0.126382   0.195957   0.322339
.510000E+03   0.120711   0.192721   0.313432
.520000E+03   0.111750   0.189652   0.301402
.530000E+03   0.108592   0.186742   0.295334
.540000E+03   0.103879   0.183990   0.287869
.550000E+03   0.099333   0.181274   0.280607
.560000E+03   0.095934   0.176745   0.272679
.570000E+03   0.101914   0.172389   0.274303
.580000E+03   0.090091   0.168285   0.258376
.590000E+03   0.127843   0.164411   0.292254
.600000E+03   0.091815   0.160754   0.252569
     1.0000
.500000E+03   0.133718   0.431723   0.565441
.510000E+03   0.127996   0.424773   0.552769
.520000E+03   0.117988   0.418174   0.536162
.530000E+03   0.114452   0.411913   0.526365
.540000E+03   0.109644   0.405995   0.515639
.550000E+03   0.104551   0.400155   0.504706
.560000E+03   0.100632   0.390518   0.491150
.570000E+03   0.108461   0.381245   0.489705
.580000E+03   0.094413   0.372503   0.466916
.590000E+03   0.143891   0.364243   0.508134
.600000E+03   0.097953   0.356438   0.454391
     0.5000
.500000E+03   0.141414   0.846197   0.987611
.510000E+03   0.135712   0.832722   0.968434
.520000E+03   0.124526   0.819921   0.944447
.530000E+03   0.120594   0.807777   0.928371
.540000E+03   0.115732   0.796297   0.912029
.550000E+03   0.110059   0.784969   0.895028
.560000E+03   0.105551   0.766363   0.871914
.570000E+03   0.115578   0.748456   0.864034
.580000E+03   0.098977   0.731570   0.830547
.590000E+03   0.161976   0.715608   0.877584
.600000E+03   0.104755   0.700518   0.805273
     0.0000
.500000E+03   0.149484   1.260565   1.410049
.510000E+03   0.143904   1.240584   1.384488
.520000E+03   0.131373   1.221604   1.352977
.530000E+03   0.127028   1.203601   1.330629
.540000E+03   0.122170   1.186581   1.308751
.550000E+03   0.115860   1.169786   1.285646
.560000E+03   0.110700   1.142251   1.252951
.570000E+03   0.123359   1.115751   1.239110
.580000E+03   0.103797   1.090758   1.194555
.590000E+03   0.182555   1.067128   1.249683
.600000E+03   0.112346   1.044784   1.157130
