    29.5000
.500000E+03   0.000303   0.000019   0.000322
.510000E+03   0.000345   0.000019   0.000363
.520000E+03   0.000363   0.000019   0.000381
.530000E+03   0.000458   0.000018   0.000476
.540000E+03   0.000477   0.000018   0.000495
.550000E+03   0.000527   0.000018   0.000545
.560000E+03   0.000594   0.000017   0.000611
.570000E+03   0.000684   0.000017   0.000701
.580000E+03   0.000668   0.000017   0.000684
.590000E+03   0.000643   0.000016   0.000659
.600000E+03   0.000730   0.000015   0.000745
    29.0000
.500000E+03   0.000625   0.000042   0.000667
.510000E+03   0.000710   0.000041   0.000751
.520000E+03   0.000748   0.000040   0.000788
.530000E+03   0.000943   0.000039   0.000983
.540000E+03   0.000982   0.000039   0.001021
.550000E+03   0.001085   0.000038   0.001123
.560000E+03   0.001222   0.000037   0.001259
.570000E+03   0.001407   0.000036   0.001444
.580000E+03   0.001374   0.000035   0.001409
.590000E+03   0.001323   0.000034   0.001357
.600000E+03   0.001501   0.000033   0.001534
    28.5000
.500000E+03   0.000968   0.000067   0.001035
.510000E+03   0.001098   0.000066   0.001164
.520000E+03   0.001156   0.000065   0.001220
.530000E+03   0.001458   0.000064   0.001521
.540000E+03   0.001517   0.000063   0.001580
.550000E+03   0.001675   0.000062   0.001737
.560000E+03   0.001886   0.000060   0.001946
.570000E+03   0.002172   0.000058   0.002230
.580000E+03   0.002121   0.000057   0.002178
.590000E+03   0.002042   0.000055   0.002097
.600000E+03   0.002317   0.000053   0.002370
    28.0000
.500000E+03   0.001333   0.000097   0.001430
.510000E+03   0.001511   0.000094   0.001605
.520000E+03   0.001589   0.000093   0.001682
.530000E+03   0.002003   0.000091   0.002094
.540000E+03   0.002084   0.000090   0.002174
.550000E+03   0.002300   0.000089   0.002389
.560000E+03   0.002589   0.000086   0.002675
.570000E+03   0.002980   0.000084   0.003064
.580000E+03   0.002911   0.000081   0.002992
.590000E+03   0.002802   0.000079   0.002881
.600000E+03   0.003178   0.000077   0.003255
    27.5000
.500000E+03   0.001721   0.000130   0.001852
.510000E+03   0.001948   0.000127   0.002076
.520000E+03   0.002049   0.000125   0.002174
.530000E+03   0.002580   0.000123   0.002703
.540000E+03   0.002685   0.000121   0.002807
.550000E+03   0.002962   0.000119   0.003081
.560000E+03   0.003334   0.000116   0.003449
.570000E+03   0.003835   0.000112   0.003948
.580000E+03   0.003745   0.000109   0.003855
.590000E+03   0.003606   0.000106   0.003712
.600000E+03   0.004088   0.000104   0.004192
    27.0000
.500000E+03   0.002136   0.000169   0.002305
.510000E+03   0.002414   0.000165   0.002579
.520000E+03   0.002538   0.000162   0.002700
.530000E+03   0.003193   0.000160   0.003352
.540000E+03   0.003322   0.000157   0.003479
.550000E+03   0.003663   0.000155   0.003817
.560000E+03   0.004121   0.000150   0.004271
.570000E+03   0.004740   0.000146   0.004885
.580000E+03   0.004628   0.000142   0.004770
.590000E+03   0.004455   0.000137   0.004593
.600000E+03   0.005051   0.000134   0.005185
    26.5000
.500000E+03   0.002577   0.000213   0.002790
.510000E+03   0.002908   0.000209   0.003116
.520000E+03   0.003057   0.000205   0.003262
.530000E+03   0.003842   0.000201   0.004043
.540000E+03   0.003997   0.000198   0.004195
.550000E+03   0.004404   0.000195   0.004600
.560000E+03   0.004955   0.000189   0.005144
.570000E+03   0.005696   0.000184   0.005880
.580000E+03   0.005561   0.000179   0.005740
.590000E+03   0.005353   0.000174   0.005527
.600000E+03   0.006067   0.000169   0.006237
    26.0000
.500000E+03   0.003048   0.000263   0.003311
.510000E+03   0.003433   0.000258   0.003691
.520000E+03   0.003608   0.000254   0.003862
.530000E+03   0.004530   0.000250   0.004780
.540000E+03   0.004712   0.000245   0.004958
.550000E+03   0.005190   0.000242   0.005432
.560000E+03   0.005836   0.000234   0.006071
.570000E+03   0.006707   0.000228   0.006935
.580000E+03   0.006548   0.000221   0.006770
.590000E+03   0.006303   0.000215   0.006519
.600000E+03   0.007142   0.000210   0.007352
    25.5000
.500000E+03   0.003549   0.000322   0.003871
.510000E+03   0.003991   0.000315   0.004307
.520000E+03   0.004193   0.000310   0.004503
.530000E+03   0.005260   0.000305   0.005565
.540000E+03   0.005470   0.000300   0.005770
.550000E+03   0.006022   0.000295   0.006317
.560000E+03   0.006771   0.000286   0.007057
.570000E+03   0.007777   0.000278   0.008055
.580000E+03   0.007593   0.000270   0.007863
.590000E+03   0.007308   0.000263   0.007571
.600000E+03   0.008279   0.000256   0.008535
    25.0000
.500000E+03   0.004084   0.000389   0.004472
.510000E+03   0.004585   0.000381   0.004966
.520000E+03   0.004815   0.000374   0.005190
.530000E+03   0.006035   0.000368   0.006403
.540000E+03   0.006274   0.000362   0.006636
.550000E+03   0.006904   0.000356   0.007260
.560000E+03   0.007759   0.000345   0.008105
.570000E+03   0.008908   0.000336   0.009244
.580000E+03   0.008697   0.000326   0.009023
.590000E+03   0.008371   0.000317   0.008688
.600000E+03   0.009480   0.000309   0.009789
    24.5000
.500000E+03   0.004650   0.000468   0.005118
.510000E+03   0.005211   0.000459   0.005670
.520000E+03   0.005471   0.000451   0.005922
.530000E+03   0.006849   0.000443   0.007292
.540000E+03   0.007119   0.000436   0.007555
.550000E+03   0.007830   0.000429   0.008258
.560000E+03   0.008796   0.000416   0.009212
.570000E+03   0.010092   0.000404   0.010496
.580000E+03   0.009853   0.000393   0.010246
.590000E+03   0.009482   0.000382   0.009864
.600000E+03   0.010736   0.000372   0.011108
    24.0000
.500000E+03   0.005247   0.000565   0.005812
.510000E+03   0.005868   0.000555   0.006422
.520000E+03   0.006158   0.000545   0.006703
.530000E+03   0.007698   0.000535   0.008233
.540000E+03   0.007998   0.000527   0.008525
.550000E+03   0.008790   0.000518   0.009308
.560000E+03   0.009871   0.000503   0.010374
.570000E+03   0.011319   0.000489   0.011808
.580000E+03   0.011050   0.000475   0.011525
.590000E+03   0.010634   0.000461   0.011096
.600000E+03   0.012035   0.000450   0.012485
    23.5000
.500000E+03   0.005876   0.000685   0.006561
.510000E+03   0.006556   0.000672   0.007229
.520000E+03   0.006877   0.000660   0.007537
.530000E+03   0.008583   0.000649   0.009232
.540000E+03   0.008914   0.000639   0.009552
.550000E+03   0.009790   0.000628   0.010418
.560000E+03   0.010987   0.000609   0.011597
.570000E+03   0.012590   0.000592   0.013182
.580000E+03   0.012290   0.000576   0.012865
.590000E+03   0.011826   0.000559   0.012386
.600000E+03   0.013379   0.000545   0.013924
    23.0000
.500000E+03   0.006541   0.000833   0.007374
.510000E+03   0.007280   0.000817   0.008097
.520000E+03   0.007630   0.000803   0.008433
.530000E+03   0.009506   0.000789   0.010294
.540000E+03   0.009868   0.000776   0.010644
.550000E+03   0.010828   0.000764   0.011591
.560000E+03   0.012145   0.000741   0.012886
.570000E+03   0.013906   0.000720   0.014626
.580000E+03   0.013573   0.000700   0.014273
.590000E+03   0.013060   0.000680   0.013741
.600000E+03   0.014768   0.000663   0.015431
    22.5000
.500000E+03   0.007241   0.001011   0.008252
.510000E+03   0.008038   0.000992   0.009030
.520000E+03   0.008418   0.000974   0.009392
.530000E+03   0.010464   0.000958   0.011422
.540000E+03   0.010858   0.000942   0.011800
.550000E+03   0.011903   0.000927   0.012829
.560000E+03   0.013341   0.000899   0.014240
.570000E+03   0.015262   0.000874   0.016136
.580000E+03   0.014895   0.000849   0.015744
.590000E+03   0.014331   0.000826   0.015156
.600000E+03   0.016196   0.000804   0.017001
    22.0000
.500000E+03   0.007977   0.001222   0.009199
.510000E+03   0.008830   0.001199   0.010029
.520000E+03   0.009238   0.001178   0.010416
.530000E+03   0.011457   0.001157   0.012615
.540000E+03   0.011879   0.001139   0.013018
.550000E+03   0.013010   0.001120   0.014129
.560000E+03   0.014570   0.001087   0.015656
.570000E+03   0.016652   0.001056   0.017707
.580000E+03   0.016249   0.001026   0.017275
.590000E+03   0.015632   0.000998   0.016630
.600000E+03   0.017656   0.000972   0.018628
    21.5000
.500000E+03   0.008748   0.001461   0.010210
.510000E+03   0.009655   0.001434   0.011089
.520000E+03   0.010089   0.001408   0.011497
.530000E+03   0.012478   0.001384   0.013862
.540000E+03   0.012928   0.001362   0.014289
.550000E+03   0.014140   0.001339   0.015480
.560000E+03   0.015820   0.001300   0.017120
.570000E+03   0.018062   0.001263   0.019325
.580000E+03   0.017623   0.001227   0.018850
.590000E+03   0.016951   0.001194   0.018144
.600000E+03   0.019133   0.001163   0.020295
    21.0000
.500000E+03   0.009554   0.001723   0.011277
.510000E+03   0.010510   0.001691   0.012201
.520000E+03   0.010966   0.001661   0.012627
.530000E+03   0.013520   0.001632   0.015152
.540000E+03   0.013995   0.001606   0.015600
.550000E+03   0.015287   0.001579   0.016866
.560000E+03   0.017083   0.001533   0.018616
.570000E+03   0.019480   0.001489   0.020969
.580000E+03   0.019003   0.001447   0.020450
.590000E+03   0.018275   0.001408   0.019683
.600000E+03   0.020612   0.001371   0.021983
    20.5000
.500000E+03   0.010400   0.002008   0.012408
.510000E+03   0.011400   0.001970   0.013370
.520000E+03   0.011876   0.001936   0.013811
.530000E+03   0.014591   0.001902   0.016493
.540000E+03   0.015088   0.001871   0.016959
.550000E+03   0.016456   0.001840   0.018297
.560000E+03   0.018366   0.001787   0.020153
.570000E+03   0.020916   0.001735   0.022651
.580000E+03   0.020398   0.001686   0.022085
.590000E+03   0.019615   0.001640   0.021255
.600000E+03   0.022102   0.001598   0.023700
    20.0000
.500000E+03   0.011290   0.002316   0.013607
.510000E+03   0.012331   0.002273   0.014604
.520000E+03   0.012823   0.002233   0.015056
.530000E+03   0.015697   0.002195   0.017892
.540000E+03   0.016213   0.002159   0.018372
.550000E+03   0.017656   0.002123   0.019779
.560000E+03   0.019678   0.002061   0.021739
.570000E+03   0.022378   0.002001   0.024379
.580000E+03   0.021819   0.001945   0.023764
.590000E+03   0.020977   0.001893   0.022870
.600000E+03   0.023615   0.001843   0.025458
    19.5000
.500000E+03   0.012223   0.002636   0.014859
.510000E+03   0.013298   0.002587   0.015885
.520000E+03   0.013802   0.002541   0.016344
.530000E+03   0.016828   0.002498   0.019326
.540000E+03   0.017360   0.002457   0.019817
.550000E+03   0.018873   0.002417   0.021289
.560000E+03   0.021002   0.002345   0.023347
.570000E+03   0.023845   0.002278   0.026123
.580000E+03   0.023243   0.002214   0.025457
.590000E+03   0.022343   0.002154   0.024497
.600000E+03   0.025126   0.002098   0.027223
    19.0000
.500000E+03   0.013196   0.002954   0.016150
.510000E+03   0.014297   0.002899   0.017197
.520000E+03   0.014808   0.002848   0.017656
.530000E+03   0.017975   0.002799   0.020774
.540000E+03   0.018518   0.002753   0.021271
.550000E+03   0.020093   0.002708   0.022800
.560000E+03   0.022321   0.002628   0.024949
.570000E+03   0.025300   0.002553   0.027852
.580000E+03   0.024654   0.002481   0.027135
.590000E+03   0.023693   0.002414   0.026107
.600000E+03   0.026613   0.002351   0.028964
    18.5000
.500000E+03   0.014212   0.003262   0.017474
.510000E+03   0.015333   0.003202   0.018534
.520000E+03   0.015844   0.003145   0.018989
.530000E+03   0.019140   0.003091   0.022231
.540000E+03   0.019689   0.003041   0.022729
.550000E+03   0.021319   0.002990   0.024309
.560000E+03   0.023638   0.002903   0.026540
.570000E+03   0.026742   0.002819   0.029561
.580000E+03   0.026050   0.002740   0.028790
.590000E+03   0.025030   0.002665   0.027695
.600000E+03   0.028078   0.002596   0.030674
    18.0000
.500000E+03   0.015278   0.003554   0.018832
.510000E+03   0.016409   0.003488   0.019897
.520000E+03   0.016914   0.003426   0.020341
.530000E+03   0.020328   0.003368   0.023696
.540000E+03   0.020877   0.003313   0.024190
.550000E+03   0.022556   0.003258   0.025814
.560000E+03   0.024957   0.003162   0.028119
.570000E+03   0.028177   0.003071   0.031249
.580000E+03   0.027438   0.002985   0.030423
.590000E+03   0.026356   0.002904   0.029260
.600000E+03   0.029524   0.002828   0.032352
    17.5000
.500000E+03   0.016395   0.003824   0.020219
.510000E+03   0.017527   0.003753   0.021280
.520000E+03   0.018019   0.003687   0.021706
.530000E+03   0.021537   0.003623   0.025161
.540000E+03   0.022080   0.003564   0.025644
.550000E+03   0.023798   0.003505   0.027303
.560000E+03   0.026273   0.003402   0.029675
.570000E+03   0.029598   0.003304   0.032902
.580000E+03   0.028809   0.003212   0.032021
.590000E+03   0.027666   0.003124   0.030791
.600000E+03   0.030943   0.003043   0.033986
    17.0000
.500000E+03   0.017568   0.004069   0.021637
.510000E+03   0.018690   0.003994   0.022683
.520000E+03   0.019161   0.003923   0.023084
.530000E+03   0.022770   0.003856   0.026626
.540000E+03   0.023300   0.003793   0.027093
.550000E+03   0.025049   0.003730   0.028779
.560000E+03   0.027585   0.003621   0.031206
.570000E+03   0.031004   0.003516   0.034520
.580000E+03   0.030164   0.003418   0.033582
.590000E+03   0.028958   0.003325   0.032283
.600000E+03   0.032332   0.003238   0.035571
    16.5000
.500000E+03   0.018800   0.004295   0.023095
.510000E+03   0.019902   0.004215   0.024117
.520000E+03   0.020345   0.004140   0.024485
.530000E+03   0.024028   0.004070   0.028098
.540000E+03   0.024538   0.004003   0.028541
.550000E+03   0.026308   0.003937   0.030244
.560000E+03   0.028895   0.003821   0.032717
.570000E+03   0.032393   0.003711   0.036104
.580000E+03   0.031500   0.003607   0.035108
.590000E+03   0.030232   0.003509   0.033741
.600000E+03   0.033692   0.003418   0.037110
    16.0000
.500000E+03   0.020101   0.004509   0.024610
.510000E+03   0.021171   0.004425   0.025597
.520000E+03   0.021576   0.004347   0.025923
.530000E+03   0.025319   0.004273   0.029592
.540000E+03   0.025802   0.004203   0.030004
.550000E+03   0.027582   0.004133   0.031715
.560000E+03   0.030211   0.004012   0.034223
.570000E+03   0.033775   0.003896   0.037671
.580000E+03   0.032827   0.003787   0.036614
.590000E+03   0.031494   0.003684   0.035178
.600000E+03   0.035029   0.003588   0.038617
    15.5000
.500000E+03   0.021477   0.004719   0.026196
.510000E+03   0.022503   0.004632   0.027135
.520000E+03   0.022862   0.004550   0.027411
.530000E+03   0.026650   0.004472   0.031122
.540000E+03   0.027098   0.004398   0.031496
.550000E+03   0.028879   0.004326   0.033205
.560000E+03   0.031538   0.004199   0.035736
.570000E+03   0.035156   0.004078   0.039234
.580000E+03   0.034150   0.003964   0.038114
.590000E+03   0.032751   0.003856   0.036607
.600000E+03   0.036350   0.003755   0.040106
    15.0000
.500000E+03   0.022939   0.004933   0.027872
.510000E+03   0.023911   0.004841   0.028752
.520000E+03   0.024213   0.004755   0.028969
.530000E+03   0.028033   0.004674   0.032707
.540000E+03   0.028438   0.004597   0.033036
.550000E+03   0.030211   0.004522   0.034733
.560000E+03   0.032890   0.004389   0.037279
.570000E+03   0.036552   0.004262   0.040814
.580000E+03   0.035484   0.004143   0.039627
.590000E+03   0.034018   0.004031   0.038048
.600000E+03   0.037670   0.003925   0.041595
    14.5000
.500000E+03   0.024496   0.005154   0.029650
.510000E+03   0.025400   0.005058   0.030459
.520000E+03   0.025639   0.004969   0.030608
.530000E+03   0.029476   0.004884   0.034360
.540000E+03   0.029832   0.004804   0.034635
.550000E+03   0.031587   0.004725   0.036312
.560000E+03   0.034276   0.004586   0.038862
.570000E+03   0.037971   0.004453   0.042424
.580000E+03   0.036839   0.004329   0.041168
.590000E+03   0.035302   0.004212   0.039513
.600000E+03   0.038998   0.004102   0.043100
    14.0000
.500000E+03   0.026158   0.005388   0.031547
.510000E+03   0.026985   0.005288   0.032273
.520000E+03   0.027150   0.005195   0.032345
.530000E+03   0.030993   0.005106   0.036099
.540000E+03   0.031291   0.005022   0.036313
.550000E+03   0.033020   0.004939   0.037960
.560000E+03   0.035710   0.004794   0.040505
.570000E+03   0.039428   0.004656   0.044084
.580000E+03   0.038227   0.004526   0.042753
.590000E+03   0.036617   0.004403   0.041020
.600000E+03   0.040349   0.004288   0.044637
    13.5000
.500000E+03   0.027936   0.005639   0.033575
.510000E+03   0.028672   0.005534   0.034207
.520000E+03   0.028754   0.005436   0.034190
.530000E+03   0.032590   0.005344   0.037933
.540000E+03   0.032821   0.005256   0.038077
.550000E+03   0.034515   0.005169   0.039684
.560000E+03   0.037197   0.005017   0.042215
.570000E+03   0.040928   0.004872   0.045800
.580000E+03   0.039653   0.004736   0.044390
.590000E+03   0.037967   0.004608   0.042574
.600000E+03   0.041726   0.004487   0.046214
    13.0000
.500000E+03   0.029840   0.005910   0.035750
.510000E+03   0.030474   0.005800   0.036274
.520000E+03   0.030460   0.005698   0.036158
.530000E+03   0.034276   0.005600   0.039876
.540000E+03   0.034432   0.005508   0.039940
.550000E+03   0.036080   0.005418   0.041498
.560000E+03   0.038744   0.005259   0.044003
.570000E+03   0.042477   0.005107   0.047584
.580000E+03   0.041125   0.004964   0.046089
.590000E+03   0.039358   0.004829   0.044187
.600000E+03   0.043135   0.004703   0.047838
    12.5000
.500000E+03   0.031884   0.006207   0.038091
.510000E+03   0.032401   0.006092   0.038494
.520000E+03   0.032282   0.005985   0.038266
.530000E+03   0.036063   0.005882   0.041945
.540000E+03   0.036134   0.005786   0.041920
.550000E+03   0.037728   0.005690   0.043418
.560000E+03   0.040363   0.005523   0.045887
.570000E+03   0.044089   0.005364   0.049453
.580000E+03   0.042653   0.005214   0.047867
.590000E+03   0.040803   0.005072   0.045875
.600000E+03   0.044588   0.004940   0.049528
    12.0000
.500000E+03   0.034081   0.006539   0.040619
.510000E+03   0.034468   0.006417   0.040886
.520000E+03   0.034231   0.006304   0.040535
.530000E+03   0.037965   0.006196   0.044162
.540000E+03   0.037942   0.006095   0.044037
.550000E+03   0.039471   0.005994   0.045465
.560000E+03   0.042069   0.005818   0.047888
.570000E+03   0.045779   0.005650   0.051429
.580000E+03   0.044253   0.005492   0.049745
.590000E+03   0.042315   0.005343   0.047658
.600000E+03   0.046099   0.005203   0.051303
    11.5000
.500000E+03   0.036438   0.006908   0.043347
.510000E+03   0.036682   0.006780   0.043462
.520000E+03   0.036313   0.006660   0.042973
.530000E+03   0.039985   0.006546   0.046531
.540000E+03   0.039855   0.006439   0.046294
.550000E+03   0.041307   0.006333   0.047640
.560000E+03   0.043856   0.006147   0.050003
.570000E+03   0.047538   0.005969   0.053507
.580000E+03   0.045915   0.005802   0.051717
.590000E+03   0.043886   0.005645   0.049531
.600000E+03   0.047658   0.005498   0.053156
    11.0000
.500000E+03   0.038969   0.007320   0.046289
.510000E+03   0.039051   0.007185   0.046236
.520000E+03   0.038535   0.007057   0.045593
.530000E+03   0.042124   0.006937   0.049061
.540000E+03   0.041876   0.006823   0.048699
.550000E+03   0.043238   0.006710   0.049949
.560000E+03   0.045723   0.006514   0.052237
.570000E+03   0.049363   0.006325   0.055689
.580000E+03   0.047636   0.006148   0.053785
.590000E+03   0.045515   0.005982   0.051496
.600000E+03   0.049258   0.005826   0.055084
    10.5000
.500000E+03   0.041662   0.007802   0.049464
.510000E+03   0.041566   0.007657   0.049224
.520000E+03   0.040887   0.007522   0.048408
.530000E+03   0.044373   0.007394   0.051766
.540000E+03   0.043992   0.007272   0.051264
.550000E+03   0.045250   0.007152   0.052402
.560000E+03   0.047655   0.006943   0.054598
.570000E+03   0.051238   0.006743   0.057980
.580000E+03   0.049400   0.006554   0.055954
.590000E+03   0.047186   0.006377   0.053563
.600000E+03   0.050882   0.006211   0.057092
    10.0000
.500000E+03   0.044511   0.008374   0.052886
.510000E+03   0.044221   0.008220   0.052440
.520000E+03   0.043362   0.008075   0.051437
.530000E+03   0.046724   0.007938   0.054662
.540000E+03   0.046200   0.007808   0.054007
.550000E+03   0.047338   0.007679   0.055018
.560000E+03   0.049649   0.007456   0.057105
.570000E+03   0.053160   0.007242   0.060401
.580000E+03   0.051203   0.007040   0.058243
.590000E+03   0.048899   0.006851   0.055749
.600000E+03   0.052528   0.006673   0.059201
     9.5000
.500000E+03   0.047526   0.009070   0.056596
.510000E+03   0.047023   0.008904   0.055928
.520000E+03   0.045971   0.008748   0.054719
.530000E+03   0.049189   0.008600   0.057789
.540000E+03   0.048508   0.008460   0.056967
.550000E+03   0.049514   0.008321   0.057835
.560000E+03   0.051715   0.008080   0.059795
.570000E+03   0.055140   0.007850   0.062990
.580000E+03   0.053057   0.007633   0.060690
.590000E+03   0.050669   0.007429   0.058098
.600000E+03   0.054208   0.007237   0.061445
     9.0000
.500000E+03   0.050719   0.009950   0.060669
.510000E+03   0.049990   0.009769   0.059759
.520000E+03   0.048727   0.009598   0.058325
.530000E+03   0.051786   0.009436   0.061222
.540000E+03   0.050936   0.009283   0.060219
.550000E+03   0.051797   0.009132   0.060929
.560000E+03   0.053875   0.008870   0.062744
.570000E+03   0.057207   0.008618   0.065825
.580000E+03   0.054987   0.008382   0.063369
.590000E+03   0.052528   0.008159   0.060688
.600000E+03   0.055949   0.007951   0.063899
     8.5000
.500000E+03   0.054099   0.011106   0.065205
.510000E+03   0.053127   0.010904   0.064031
.520000E+03   0.051638   0.010715   0.062353
.530000E+03   0.054519   0.010535   0.065054
.540000E+03   0.053488   0.010365   0.063853
.550000E+03   0.054191   0.010197   0.064388
.560000E+03   0.056132   0.009906   0.066039
.570000E+03   0.059363   0.009627   0.068991
.580000E+03   0.056994   0.009366   0.066360
.590000E+03   0.054488   0.009119   0.063607
.600000E+03   0.057753   0.008887   0.066641
     8.0000
.500000E+03   0.057677   0.012678   0.070355
.510000E+03   0.056445   0.012450   0.068895
.520000E+03   0.054712   0.012234   0.066947
.530000E+03   0.057398   0.012030   0.069428
.540000E+03   0.056175   0.011837   0.068012
.550000E+03   0.056704   0.011646   0.068351
.560000E+03   0.058496   0.011317   0.069813
.570000E+03   0.061621   0.011001   0.072622
.580000E+03   0.059087   0.010704   0.069791
.590000E+03   0.056572   0.010424   0.066996
.600000E+03   0.059632   0.010162   0.069794
     7.5000
.500000E+03   0.061462   0.014817   0.076279
.510000E+03   0.059955   0.014552   0.074507
.520000E+03   0.057962   0.014301   0.072263
.530000E+03   0.060435   0.014064   0.074499
.540000E+03   0.059009   0.013839   0.072848
.550000E+03   0.059351   0.013618   0.072969
.560000E+03   0.060980   0.013236   0.074215
.570000E+03   0.063996   0.012869   0.076866
.580000E+03   0.061280   0.012525   0.073805
.590000E+03   0.058805   0.012201   0.071006
.600000E+03   0.061601   0.011895   0.073497
     7.0000
.500000E+03   0.065469   0.017725   0.083195
.510000E+03   0.063672   0.017409   0.081081
.520000E+03   0.061398   0.017111   0.078509
.530000E+03   0.063646   0.016829   0.080475
.540000E+03   0.062003   0.016562   0.078565
.550000E+03   0.062146   0.016298   0.078444
.560000E+03   0.063599   0.015844   0.079444
.570000E+03   0.066508   0.015409   0.081917
.580000E+03   0.063591   0.015000   0.078591
.590000E+03   0.061197   0.014615   0.075812
.600000E+03   0.063679   0.014253   0.077932
     6.5000
.500000E+03   0.069708   0.021289   0.090997
.510000E+03   0.067603   0.020913   0.088516
.520000E+03   0.065031   0.020556   0.085586
.530000E+03   0.067037   0.020218   0.087255
.540000E+03   0.065167   0.019898   0.085066
.550000E+03   0.065097   0.019583   0.084679
.560000E+03   0.066360   0.019042   0.085402
.570000E+03   0.069158   0.018523   0.087680
.580000E+03   0.066025   0.018034   0.084059
.590000E+03   0.063785   0.017575   0.081360
.600000E+03   0.065873   0.017142   0.083015
     6.0000
.500000E+03   0.074187   0.025255   0.099442
.510000E+03   0.071761   0.024809   0.096570
.520000E+03   0.068868   0.024387   0.093255
.530000E+03   0.070616   0.023988   0.094604
.540000E+03   0.068508   0.023610   0.092118
.550000E+03   0.068208   0.023237   0.091446
.560000E+03   0.069269   0.022599   0.091868
.570000E+03   0.071962   0.021986   0.093949
.580000E+03   0.068586   0.021410   0.089996
.590000E+03   0.066596   0.020867   0.087462
.600000E+03   0.068191   0.020356   0.088547
     5.5000
.500000E+03   0.078921   0.029638   0.108559
.510000E+03   0.076157   0.029117   0.105274
.520000E+03   0.072920   0.028623   0.101543
.530000E+03   0.074394   0.028156   0.102550
.540000E+03   0.072037   0.027714   0.099750
.550000E+03   0.071492   0.027277   0.098770
.560000E+03   0.072336   0.026531   0.098867
.570000E+03   0.074938   0.025815   0.100753
.580000E+03   0.071286   0.025141   0.096427
.590000E+03   0.069662   0.024507   0.094168
.600000E+03   0.070641   0.023909   0.094550
     5.0000
.500000E+03   0.083919   0.034455   0.118374
.510000E+03   0.080803   0.033850   0.114654
.520000E+03   0.077197   0.033278   0.110476
.530000E+03   0.078382   0.032736   0.111118
.540000E+03   0.075764   0.032223   0.107987
.550000E+03   0.074959   0.031716   0.106675
.560000E+03   0.075570   0.030853   0.106422
.570000E+03   0.078093   0.030022   0.108115
.580000E+03   0.074133   0.029242   0.103375
.590000E+03   0.073022   0.028506   0.101528
.600000E+03   0.073249   0.027813   0.101062
     4.5000
.500000E+03   0.089194   0.039620   0.128814
.510000E+03   0.085711   0.038926   0.124637
.520000E+03   0.081710   0.038269   0.119979
.530000E+03   0.082588   0.037646   0.120234
.540000E+03   0.079700   0.037058   0.116758
.550000E+03   0.078616   0.036476   0.115092
.560000E+03   0.078977   0.035486   0.114463
.570000E+03   0.081443   0.034533   0.115976
.580000E+03   0.077134   0.033638   0.110772
.590000E+03   0.076724   0.032795   0.109518
.600000E+03   0.076019   0.032000   0.108019
     4.0000
.500000E+03   0.094757   0.045025   0.139782
.510000E+03   0.090893   0.044238   0.135131
.520000E+03   0.086467   0.043493   0.129960
.530000E+03   0.087022   0.042786   0.129808
.540000E+03   0.083854   0.042118   0.125973
.550000E+03   0.082472   0.041458   0.123930
.560000E+03   0.082566   0.040335   0.122901
.570000E+03   0.085008   0.039255   0.124263
.580000E+03   0.080297   0.038240   0.118536
.590000E+03   0.080855   0.037283   0.118138
.600000E+03   0.078969   0.036382   0.115350
     3.5000
.500000E+03   0.100621   0.051082   0.151703
.510000E+03   0.096362   0.050190   0.146552
.520000E+03   0.091480   0.049346   0.140826
.530000E+03   0.091694   0.048546   0.140239
.540000E+03   0.088239   0.047788   0.136027
.550000E+03   0.086538   0.047041   0.133578
.560000E+03   0.086345   0.045768   0.132113
.570000E+03   0.088802   0.044546   0.133347
.580000E+03   0.083630   0.043396   0.127026
.590000E+03   0.085480   0.042312   0.127792
.600000E+03   0.082122   0.041291   0.123413
     3.0000
.500000E+03   0.106799   0.058329   0.165128
.510000E+03   0.102135   0.057311   0.159446
.520000E+03   0.096760   0.056349   0.153108
.530000E+03   0.096617   0.055435   0.152052
.540000E+03   0.092863   0.054572   0.147435
.550000E+03   0.090826   0.053719   0.144546
.560000E+03   0.090324   0.052269   0.142593
.570000E+03   0.092851   0.050875   0.143727
.580000E+03   0.087146   0.049565   0.136711
.590000E+03   0.090679   0.048329   0.139008
.600000E+03   0.085494   0.047165   0.132659
     2.5000
.500000E+03   0.113305   0.067504   0.180809
.510000E+03   0.108230   0.066329   0.174559
.520000E+03   0.102319   0.065215   0.167534
.530000E+03   0.101800   0.064160   0.165960
.540000E+03   0.097743   0.063162   0.160905
.550000E+03   0.095341   0.062176   0.157517
.560000E+03   0.094512   0.060501   0.155013
.570000E+03   0.097181   0.058890   0.156072
.580000E+03   0.090853   0.057376   0.148229
.590000E+03   0.096552   0.055948   0.152500
.600000E+03   0.089124   0.054603   0.143727
     2.0000
.500000E+03   0.120151   0.079749   0.199900
.510000E+03   0.114662   0.078362   0.193024
.520000E+03   0.108166   0.077048   0.185214
.530000E+03   0.107255   0.075803   0.183058
.540000E+03   0.102889   0.074624   0.177514
.550000E+03   0.100102   0.073461   0.173564
.560000E+03   0.098917   0.071486   0.170403
.570000E+03   0.101820   0.069586   0.171406
.580000E+03   0.094761   0.067799   0.162560
.590000E+03   0.103221   0.066115   0.169337
.600000E+03   0.093024   0.064529   0.157553
     1.5000
.500000E+03   0.127352   0.095629   0.222981
.510000E+03   0.121449   0.093968   0.215416
.520000E+03   0.114313   0.092394   0.206707
.530000E+03   0.112990   0.090902   0.203892
.540000E+03   0.108301   0.089491   0.197792
.550000E+03   0.105112   0.088097   0.193209
.560000E+03   0.103545   0.085732   0.189277
.570000E+03   0.106770   0.083457   0.190227
.580000E+03   0.098872   0.081318   0.180190
.590000E+03   0.110719   0.079302   0.190021
.600000E+03   0.097231   0.077402   0.174633
     1.0000
.500000E+03   0.134919   0.115692   0.250611
.510000E+03   0.128589   0.113684   0.242273
.520000E+03   0.120769   0.111782   0.232551
.530000E+03   0.119016   0.109979   0.228995
.540000E+03   0.113996   0.108273   0.222269
.550000E+03   0.110377   0.106588   0.216965
.560000E+03   0.108401   0.103730   0.212132
.570000E+03   0.112045   0.100982   0.213027
.580000E+03   0.103184   0.098397   0.201581
.590000E+03   0.119088   0.095961   0.215049
.600000E+03   0.101750   0.093665   0.195415
     0.5000
.500000E+03   0.142860   0.141086   0.283946
.510000E+03   0.136118   0.138639   0.274757
.520000E+03   0.127548   0.136320   0.263869
.530000E+03   0.125343   0.134123   0.259466
.540000E+03   0.119998   0.132044   0.252042
.550000E+03   0.115905   0.129991   0.245896
.560000E+03   0.113496   0.126510   0.240006
.570000E+03   0.117676   0.123162   0.240838
.580000E+03   0.107711   0.120013   0.227724
.590000E+03   0.128407   0.117045   0.245453
.600000E+03   0.106617   0.114248   0.220864
     0.0000
.500000E+03   0.151195   0.173279   0.324473
.510000E+03   0.144051   0.170276   0.314327
.520000E+03   0.134661   0.167430   0.302091
.530000E+03   0.131977   0.164733   0.296710
.540000E+03   0.126308   0.162181   0.288489
.550000E+03   0.121722   0.159661   0.281383
.560000E+03   0.118837   0.155390   0.274227
.570000E+03   0.123691   0.151281   0.274972
.580000E+03   0.112471   0.147417   0.259888
.590000E+03   0.138764   0.143775   0.282539
.600000E+03   0.111846   0.140342   0.252188
