    29.5000
.500000E+03   0.000283   0.000019   0.000302
.510000E+03   0.000320   0.000019   0.000339
.520000E+03   0.000335   0.000019   0.000354
.530000E+03   0.000421   0.000018   0.000439
.540000E+03   0.000437   0.000018   0.000455
.550000E+03   0.000482   0.000018   0.000500
.560000E+03   0.000542   0.000017   0.000559
.570000E+03   0.000624   0.000017   0.000641
.580000E+03   0.000608   0.000017   0.000625
.590000E+03   0.000586   0.000016   0.000602
.600000E+03   0.000664   0.000016   0.000680
    29.0000
.500000E+03   0.000585   0.000042   0.000627
.510000E+03   0.000662   0.000041   0.000703
.520000E+03   0.000694   0.000041   0.000734
.530000E+03   0.000870   0.000040   0.000910
.540000E+03   0.000904   0.000039   0.000943
.550000E+03   0.000997   0.000039   0.001035
.560000E+03   0.001120   0.000037   0.001157
.570000E+03   0.001288   0.000037   0.001325
.580000E+03   0.001256   0.000036   0.001292
.590000E+03   0.001210   0.000034   0.001245
.600000E+03   0.001372   0.000034   0.001405
    28.5000
.500000E+03   0.000908   0.000069   0.000977
.510000E+03   0.001027   0.000067   0.001094
.520000E+03   0.001076   0.000066   0.001142
.530000E+03   0.001350   0.000065   0.001415
.540000E+03   0.001402   0.000064   0.001466
.550000E+03   0.001545   0.000063   0.001608
.560000E+03   0.001736   0.000061   0.001797
.570000E+03   0.001996   0.000059   0.002056
.580000E+03   0.001947   0.000058   0.002005
.590000E+03   0.001875   0.000056   0.001931
.600000E+03   0.002125   0.000055   0.002180
    28.0000
.500000E+03   0.001255   0.000099   0.001354
.510000E+03   0.001416   0.000097   0.001513
.520000E+03   0.001485   0.000096   0.001580
.530000E+03   0.001862   0.000094   0.001956
.540000E+03   0.001933   0.000092   0.002026
.550000E+03   0.002130   0.000091   0.002221
.560000E+03   0.002393   0.000088   0.002481
.570000E+03   0.002751   0.000086   0.002837
.580000E+03   0.002684   0.000084   0.002767
.590000E+03   0.002585   0.000081   0.002666
.600000E+03   0.002929   0.000079   0.003008
    27.5000
.500000E+03   0.001626   0.000135   0.001761
.510000E+03   0.001832   0.000132   0.001964
.520000E+03   0.001921   0.000130   0.002052
.530000E+03   0.002408   0.000128   0.002536
.540000E+03   0.002500   0.000126   0.002626
.550000E+03   0.002754   0.000124   0.002878
.560000E+03   0.003093   0.000120   0.003214
.570000E+03   0.003556   0.000117   0.003673
.580000E+03   0.003468   0.000114   0.003582
.590000E+03   0.003341   0.000110   0.003451
.600000E+03   0.003784   0.000107   0.003892
    27.0000
.500000E+03   0.002023   0.000177   0.002200
.510000E+03   0.002277   0.000173   0.002450
.520000E+03   0.002388   0.000170   0.002558
.530000E+03   0.002991   0.000167   0.003158
.540000E+03   0.003106   0.000164   0.003270
.550000E+03   0.003420   0.000162   0.003581
.560000E+03   0.003841   0.000157   0.003998
.570000E+03   0.004413   0.000153   0.004566
.580000E+03   0.004305   0.000148   0.004454
.590000E+03   0.004146   0.000144   0.004290
.600000E+03   0.004696   0.000140   0.004837
    26.5000
.500000E+03   0.002449   0.000225   0.002674
.510000E+03   0.002752   0.000220   0.002972
.520000E+03   0.002887   0.000217   0.003103
.530000E+03   0.003613   0.000213   0.003826
.540000E+03   0.003752   0.000210   0.003962
.550000E+03   0.004130   0.000206   0.004336
.560000E+03   0.004638   0.000200   0.004838
.570000E+03   0.005327   0.000195   0.005522
.580000E+03   0.005197   0.000189   0.005386
.590000E+03   0.005004   0.000183   0.005188
.600000E+03   0.005668   0.000179   0.005847
    26.0000
.500000E+03   0.002905   0.000281   0.003186
.510000E+03   0.003260   0.000275   0.003536
.520000E+03   0.003420   0.000271   0.003690
.530000E+03   0.004278   0.000266   0.004544
.540000E+03   0.004442   0.000262   0.004704
.550000E+03   0.004888   0.000258   0.005145
.560000E+03   0.005489   0.000250   0.005739
.570000E+03   0.006301   0.000243   0.006544
.580000E+03   0.006148   0.000236   0.006384
.590000E+03   0.005919   0.000229   0.006149
.600000E+03   0.006703   0.000224   0.006927
    25.5000
.500000E+03   0.003394   0.000346   0.003740
.510000E+03   0.003803   0.000340   0.004143
.520000E+03   0.003989   0.000334   0.004323
.530000E+03   0.004988   0.000328   0.005316
.540000E+03   0.005179   0.000323   0.005502
.550000E+03   0.005697   0.000317   0.006014
.560000E+03   0.006396   0.000308   0.006704
.570000E+03   0.007340   0.000299   0.007640
.580000E+03   0.007161   0.000291   0.007452
.590000E+03   0.006895   0.000283   0.007178
.600000E+03   0.007806   0.000275   0.008082
    25.0000
.500000E+03   0.003917   0.000422   0.004339
.510000E+03   0.004384   0.000414   0.004798
.520000E+03   0.004598   0.000407   0.005005
.530000E+03   0.005746   0.000400   0.006146
.540000E+03   0.005966   0.000393   0.006359
.550000E+03   0.006559   0.000387   0.006946
.560000E+03   0.007364   0.000376   0.007739
.570000E+03   0.008448   0.000365   0.008813
.580000E+03   0.008241   0.000355   0.008596
.590000E+03   0.007935   0.000345   0.008280
.600000E+03   0.008982   0.000336   0.009318
    24.5000
.500000E+03   0.004475   0.000509   0.004984
.510000E+03   0.005000   0.000499   0.005500
.520000E+03   0.005244   0.000490   0.005735
.530000E+03   0.006548   0.000482   0.007030
.540000E+03   0.006798   0.000474   0.007272
.550000E+03   0.007471   0.000467   0.007938
.560000E+03   0.008386   0.000453   0.008839
.570000E+03   0.009616   0.000440   0.010056
.580000E+03   0.009382   0.000428   0.009809
.590000E+03   0.009032   0.000416   0.009448
.600000E+03   0.010222   0.000405   0.010627
    24.0000
.500000E+03   0.005065   0.000607   0.005672
.510000E+03   0.005650   0.000595   0.006245
.520000E+03   0.005925   0.000585   0.006509
.530000E+03   0.007391   0.000575   0.007966
.540000E+03   0.007671   0.000565   0.008237
.550000E+03   0.008426   0.000556   0.008983
.560000E+03   0.009456   0.000540   0.009996
.570000E+03   0.010837   0.000524   0.011362
.580000E+03   0.010573   0.000510   0.011083
.590000E+03   0.010178   0.000495   0.010674
.600000E+03   0.011516   0.000483   0.011999
    23.5000
.500000E+03   0.005690   0.000717   0.006407
.510000E+03   0.006334   0.000703   0.007037
.520000E+03   0.006640   0.000691   0.007331
.530000E+03   0.008274   0.000679   0.008953
.540000E+03   0.008586   0.000668   0.009254
.550000E+03   0.009425   0.000657   0.010082
.560000E+03   0.010573   0.000638   0.011211
.570000E+03   0.012110   0.000619   0.012730
.580000E+03   0.011815   0.000602   0.012417
.590000E+03   0.011373   0.000586   0.011958
.600000E+03   0.012863   0.000570   0.013434
    23.0000
.500000E+03   0.006351   0.000841   0.007192
.510000E+03   0.007054   0.000825   0.007879
.520000E+03   0.007391   0.000811   0.008202
.530000E+03   0.009198   0.000797   0.009995
.540000E+03   0.009542   0.000784   0.010326
.550000E+03   0.010468   0.000771   0.011239
.560000E+03   0.011737   0.000748   0.012485
.570000E+03   0.013435   0.000727   0.014162
.580000E+03   0.013107   0.000706   0.013813
.590000E+03   0.012615   0.000687   0.013302
.600000E+03   0.014264   0.000669   0.014933
    22.5000
.500000E+03   0.007049   0.000979   0.008029
.510000E+03   0.007812   0.000961   0.008773
.520000E+03   0.008181   0.000944   0.009126
.530000E+03   0.010165   0.000928   0.011093
.540000E+03   0.010542   0.000913   0.011455
.550000E+03   0.011555   0.000898   0.012453
.560000E+03   0.012950   0.000872   0.013821
.570000E+03   0.014812   0.000847   0.015659
.580000E+03   0.014450   0.000823   0.015272
.590000E+03   0.013906   0.000800   0.014707
.600000E+03   0.015716   0.000780   0.016496
    22.0000
.500000E+03   0.007788   0.001133   0.008920
.510000E+03   0.008610   0.001112   0.009722
.520000E+03   0.009011   0.001092   0.010103
.530000E+03   0.011176   0.001073   0.012249
.540000E+03   0.011585   0.001056   0.012641
.550000E+03   0.012689   0.001038   0.013727
.560000E+03   0.014212   0.001008   0.015219
.570000E+03   0.016243   0.000979   0.017221
.580000E+03   0.015844   0.000951   0.016795
.590000E+03   0.015247   0.000925   0.016172
.600000E+03   0.017223   0.000902   0.018125
    21.5000
.500000E+03   0.008569   0.001301   0.009870
.510000E+03   0.009450   0.001276   0.010726
.520000E+03   0.009883   0.001254   0.011137
.530000E+03   0.012233   0.001233   0.013465
.540000E+03   0.012674   0.001212   0.013887
.550000E+03   0.013868   0.001193   0.015061
.560000E+03   0.015523   0.001157   0.016680
.570000E+03   0.017725   0.001124   0.018849
.580000E+03   0.017289   0.001093   0.018381
.590000E+03   0.016635   0.001063   0.017698
.600000E+03   0.018782   0.001035   0.019817
    21.0000
.500000E+03   0.009395   0.001484   0.010879
.510000E+03   0.010332   0.001457   0.011789
.520000E+03   0.010797   0.001431   0.012228
.530000E+03   0.013335   0.001407   0.014742
.540000E+03   0.013809   0.001383   0.015193
.550000E+03   0.015095   0.001361   0.016456
.560000E+03   0.016883   0.001321   0.018204
.570000E+03   0.019261   0.001283   0.020543
.580000E+03   0.018785   0.001247   0.020032
.590000E+03   0.018072   0.001213   0.019285
.600000E+03   0.020393   0.001181   0.021574
    20.5000
.500000E+03   0.010262   0.001685   0.011948
.510000E+03   0.011254   0.001654   0.012908
.520000E+03   0.011747   0.001625   0.013372
.530000E+03   0.014473   0.001597   0.016070
.540000E+03   0.014977   0.001571   0.016548
.550000E+03   0.016353   0.001545   0.017898
.560000E+03   0.018274   0.001500   0.019773
.570000E+03   0.020826   0.001456   0.022282
.580000E+03   0.020309   0.001416   0.021724
.590000E+03   0.019536   0.001377   0.020913
.600000E+03   0.022030   0.001341   0.023371
    20.0000
.500000E+03   0.011169   0.001906   0.013075
.510000E+03   0.012209   0.001870   0.014080
.520000E+03   0.012728   0.001837   0.014565
.530000E+03   0.015635   0.001806   0.017441
.540000E+03   0.016166   0.001776   0.017942
.550000E+03   0.017628   0.001747   0.019375
.560000E+03   0.019678   0.001695   0.021373
.570000E+03   0.022399   0.001647   0.024045
.580000E+03   0.021839   0.001601   0.023440
.590000E+03   0.021005   0.001557   0.022562
.600000E+03   0.023668   0.001516   0.025185
    19.5000
.500000E+03   0.012114   0.002145   0.014259
.510000E+03   0.013197   0.002105   0.015302
.520000E+03   0.013736   0.002068   0.015804
.530000E+03   0.016816   0.002032   0.018849
.540000E+03   0.017370   0.001999   0.019369
.550000E+03   0.018913   0.001966   0.020879
.560000E+03   0.021084   0.001909   0.022993
.570000E+03   0.023968   0.001854   0.025821
.580000E+03   0.023364   0.001802   0.025166
.590000E+03   0.022468   0.001753   0.024221
.600000E+03   0.025294   0.001707   0.027001
    19.0000
.500000E+03   0.013098   0.002403   0.015501
.510000E+03   0.014216   0.002358   0.016574
.520000E+03   0.014770   0.002317   0.017086
.530000E+03   0.018012   0.002277   0.020289
.540000E+03   0.018584   0.002240   0.020823
.550000E+03   0.020200   0.002203   0.022403
.560000E+03   0.022486   0.002138   0.024624
.570000E+03   0.025522   0.002076   0.027599
.580000E+03   0.024874   0.002018   0.026892
.590000E+03   0.023915   0.001963   0.025879
.600000E+03   0.026896   0.001912   0.028808
    18.5000
.500000E+03   0.014124   0.002680   0.016804
.510000E+03   0.015269   0.002630   0.017899
.520000E+03   0.015832   0.002583   0.018415
.530000E+03   0.019223   0.002539   0.021763
.540000E+03   0.019808   0.002498   0.022306
.550000E+03   0.021491   0.002457   0.023947
.560000E+03   0.023883   0.002384   0.026267
.570000E+03   0.027062   0.002316   0.029378
.580000E+03   0.026367   0.002251   0.028618
.590000E+03   0.025345   0.002190   0.027535
.600000E+03   0.028471   0.002133   0.030604
    18.0000
.500000E+03   0.015197   0.002976   0.018173
.510000E+03   0.016360   0.002921   0.019281
.520000E+03   0.016924   0.002869   0.019793
.530000E+03   0.020455   0.002820   0.023275
.540000E+03   0.021046   0.002774   0.023820
.550000E+03   0.022788   0.002728   0.025516
.560000E+03   0.025277   0.002648   0.027925
.570000E+03   0.028590   0.002572   0.031161
.580000E+03   0.027846   0.002500   0.030346
.590000E+03   0.026761   0.002432   0.029193
.600000E+03   0.030023   0.002368   0.032391
    17.5000
.500000E+03   0.016320   0.003288   0.019607
.510000E+03   0.017492   0.003226   0.020718
.520000E+03   0.018051   0.003169   0.021220
.530000E+03   0.021707   0.003115   0.024822
.540000E+03   0.022300   0.003064   0.025364
.550000E+03   0.024092   0.003014   0.027106
.560000E+03   0.026670   0.002925   0.029595
.570000E+03   0.030105   0.002841   0.032945
.580000E+03   0.029311   0.002761   0.032073
.590000E+03   0.028162   0.002686   0.030848
.600000E+03   0.031550   0.002616   0.034166
    17.0000
.500000E+03   0.017498   0.003609   0.021108
.510000E+03   0.018670   0.003542   0.022212
.520000E+03   0.019217   0.003480   0.022697
.530000E+03   0.022987   0.003420   0.026407
.540000E+03   0.023574   0.003364   0.026938
.550000E+03   0.025409   0.003309   0.028718
.560000E+03   0.028066   0.003211   0.031278
.570000E+03   0.031612   0.003119   0.034731
.580000E+03   0.030768   0.003031   0.033800
.590000E+03   0.029553   0.002949   0.032502
.600000E+03   0.033058   0.002872   0.035930
    16.5000
.500000E+03   0.018738   0.003942   0.022679
.510000E+03   0.019900   0.003868   0.023768
.520000E+03   0.020428   0.003800   0.024228
.530000E+03   0.024298   0.003735   0.028033
.540000E+03   0.024874   0.003674   0.028548
.550000E+03   0.026744   0.003613   0.030357
.560000E+03   0.029471   0.003507   0.032978
.570000E+03   0.033119   0.003406   0.036525
.580000E+03   0.032221   0.003311   0.035532
.590000E+03   0.030939   0.003221   0.034160
.600000E+03   0.034552   0.003137   0.037689
    16.0000
.500000E+03   0.020047   0.004285   0.024332
.510000E+03   0.021188   0.004206   0.025394
.520000E+03   0.021691   0.004131   0.025822
.530000E+03   0.025649   0.004061   0.029710
.540000E+03   0.026208   0.003994   0.030203
.550000E+03   0.028105   0.003928   0.032033
.560000E+03   0.030894   0.003813   0.034707
.570000E+03   0.034633   0.003703   0.038336
.580000E+03   0.033679   0.003599   0.037279
.590000E+03   0.032330   0.003502   0.035831
.600000E+03   0.036041   0.003410   0.039451
    15.5000
.500000E+03   0.021432   0.004635   0.026067
.510000E+03   0.022544   0.004549   0.027094
.520000E+03   0.023013   0.004469   0.027482
.530000E+03   0.027051   0.004392   0.031443
.540000E+03   0.027586   0.004320   0.031907
.550000E+03   0.029502   0.004249   0.033751
.560000E+03   0.032346   0.004124   0.036470
.570000E+03   0.036168   0.004005   0.040173
.580000E+03   0.035155   0.003893   0.039048
.590000E+03   0.033735   0.003787   0.037522
.600000E+03   0.037538   0.003689   0.041226
    15.0000
.500000E+03   0.022905   0.004985   0.027891
.510000E+03   0.023979   0.004893   0.028872
.520000E+03   0.024407   0.004806   0.029213
.530000E+03   0.028514   0.004724   0.033238
.540000E+03   0.029020   0.004647   0.033667
.550000E+03   0.030949   0.004570   0.035518
.560000E+03   0.033840   0.004436   0.038276
.570000E+03   0.037737   0.004308   0.042045
.580000E+03   0.036662   0.004187   0.040850
.590000E+03   0.035169   0.004074   0.039243
.600000E+03   0.039058   0.003967   0.043025
    14.5000
.500000E+03   0.024477   0.005336   0.029813
.510000E+03   0.025503   0.005237   0.030740
.520000E+03   0.025884   0.005144   0.031029
.530000E+03   0.030054   0.005057   0.035110
.540000E+03   0.030526   0.004973   0.035499
.550000E+03   0.032460   0.004892   0.037352
.560000E+03   0.035395   0.004748   0.040143
.570000E+03   0.039363   0.004611   0.043974
.580000E+03   0.038222   0.004482   0.042704
.590000E+03   0.036652   0.004360   0.041013
.600000E+03   0.040622   0.004246   0.044869
    14.0000
.500000E+03   0.026161   0.005687   0.031849
.510000E+03   0.027130   0.005582   0.032712
.520000E+03   0.027459   0.005483   0.032942
.530000E+03   0.031688   0.005389   0.037077
.540000E+03   0.032119   0.005301   0.037420
.550000E+03   0.034056   0.005213   0.039270
.560000E+03   0.037032   0.005060   0.042092
.570000E+03   0.041067   0.004914   0.045982
.580000E+03   0.039857   0.004777   0.044633
.590000E+03   0.038206   0.004647   0.042853
.600000E+03   0.042256   0.004526   0.046782
    13.5000
.500000E+03   0.027965   0.006036   0.034001
.510000E+03   0.028870   0.005924   0.034794
.520000E+03   0.029137   0.005819   0.034957
.530000E+03   0.033421   0.005720   0.039140
.540000E+03   0.033806   0.005626   0.039432
.550000E+03   0.035741   0.005533   0.041274
.560000E+03   0.038753   0.005371   0.044124
.570000E+03   0.042854   0.005216   0.048069
.580000E+03   0.041568   0.005070   0.046637
.590000E+03   0.039831   0.004932   0.044763
.600000E+03   0.043960   0.004803   0.048763
    13.0000
.500000E+03   0.029899   0.006378   0.036277
.510000E+03   0.030728   0.006260   0.036989
.520000E+03   0.030928   0.006149   0.037077
.530000E+03   0.035259   0.006045   0.041304
.540000E+03   0.035593   0.005945   0.041538
.550000E+03   0.037520   0.005847   0.043367
.560000E+03   0.040564   0.005675   0.046239
.570000E+03   0.044725   0.005511   0.050236
.580000E+03   0.043359   0.005357   0.048716
.590000E+03   0.041532   0.005212   0.046744
.600000E+03   0.045736   0.005076   0.050812
    12.5000
.500000E+03   0.031962   0.006724   0.038686
.510000E+03   0.032705   0.006599   0.039304
.520000E+03   0.032825   0.006482   0.039308
.530000E+03   0.037191   0.006371   0.043563
.540000E+03   0.037464   0.006267   0.043731
.550000E+03   0.039373   0.006163   0.045536
.560000E+03   0.042439   0.005983   0.048422
.570000E+03   0.046651   0.005810   0.052461
.580000E+03   0.045201   0.005647   0.050848
.590000E+03   0.043278   0.005494   0.048772
.600000E+03   0.047550   0.005350   0.052900
    12.0000
.500000E+03   0.034159   0.007080   0.041239
.510000E+03   0.034800   0.006948   0.041748
.520000E+03   0.034827   0.006826   0.041652
.530000E+03   0.039208   0.006709   0.045917
.540000E+03   0.039408   0.006599   0.046007
.550000E+03   0.041286   0.006490   0.047776
.560000E+03   0.044360   0.006300   0.050660
.570000E+03   0.048608   0.006117   0.054726
.580000E+03   0.047067   0.005946   0.053013
.590000E+03   0.045046   0.005785   0.050831
.600000E+03   0.049371   0.005634   0.055005
    11.5000
.500000E+03   0.036497   0.007448   0.043946
.510000E+03   0.037018   0.007310   0.044329
.520000E+03   0.036938   0.007181   0.044118
.530000E+03   0.041312   0.007058   0.048370
.540000E+03   0.041425   0.006943   0.048368
.550000E+03   0.043258   0.006828   0.050085
.560000E+03   0.046324   0.006627   0.052951
.570000E+03   0.050590   0.006436   0.057025
.580000E+03   0.048952   0.006256   0.055208
.590000E+03   0.046830   0.006086   0.052916
.600000E+03   0.051193   0.005927   0.057120
    11.0000
.500000E+03   0.038990   0.007831   0.046821
.510000E+03   0.039374   0.007685   0.047060
.520000E+03   0.039168   0.007549   0.046717
.530000E+03   0.043512   0.007421   0.050933
.540000E+03   0.043526   0.007299   0.050825
.550000E+03   0.045297   0.007178   0.052475
.560000E+03   0.048337   0.006968   0.055304
.570000E+03   0.052603   0.006766   0.059369
.580000E+03   0.050864   0.006577   0.057440
.590000E+03   0.048637   0.006399   0.055035
.600000E+03   0.053019   0.006232   0.059251
    10.5000
.500000E+03   0.041649   0.008229   0.049878
.510000E+03   0.041876   0.008077   0.049953
.520000E+03   0.041528   0.007934   0.049461
.530000E+03   0.045815   0.007799   0.053613
.540000E+03   0.045714   0.007670   0.053385
.550000E+03   0.047407   0.007544   0.054951
.560000E+03   0.050401   0.007323   0.057724
.570000E+03   0.054647   0.007112   0.061759
.580000E+03   0.052800   0.006913   0.059712
.590000E+03   0.050466   0.006726   0.057192
.600000E+03   0.054849   0.006550   0.061399
    10.0000
.500000E+03   0.044490   0.008646   0.053136
.510000E+03   0.044541   0.008487   0.053027
.520000E+03   0.044031   0.008337   0.052368
.530000E+03   0.048237   0.008195   0.056432
.540000E+03   0.048007   0.008061   0.056067
.550000E+03   0.049604   0.007928   0.057532
.560000E+03   0.052534   0.007697   0.060231
.570000E+03   0.056742   0.007475   0.064217
.580000E+03   0.054778   0.007267   0.062045
.590000E+03   0.052335   0.007071   0.059407
.600000E+03   0.056698   0.006887   0.063585
     9.5000
.500000E+03   0.047510   0.009097   0.056606
.510000E+03   0.047364   0.008930   0.056294
.520000E+03   0.046675   0.008773   0.055448
.530000E+03   0.050774   0.008624   0.059398
.540000E+03   0.050399   0.008483   0.058882
.550000E+03   0.051884   0.008344   0.060227
.560000E+03   0.054732   0.008101   0.062833
.570000E+03   0.058882   0.007869   0.066751
.580000E+03   0.056794   0.007651   0.064445
.590000E+03   0.054243   0.007446   0.061689
.600000E+03   0.058563   0.007253   0.065816
     9.0000
.500000E+03   0.050705   0.009600   0.060306
.510000E+03   0.050346   0.009424   0.059770
.520000E+03   0.049460   0.009259   0.058719
.530000E+03   0.053430   0.009102   0.062532
.540000E+03   0.052897   0.008954   0.061851
.550000E+03   0.054254   0.008807   0.063061
.560000E+03   0.057003   0.008553   0.065555
.570000E+03   0.061081   0.008309   0.069389
.580000E+03   0.058860   0.008079   0.066939
.590000E+03   0.056202   0.007864   0.064065
.600000E+03   0.060459   0.007661   0.068120
     8.5000
.500000E+03   0.054086   0.010183   0.064269
.510000E+03   0.053493   0.009997   0.063490
.520000E+03   0.052394   0.009822   0.062216
.530000E+03   0.056213   0.009656   0.065869
.540000E+03   0.055506   0.009500   0.065006
.550000E+03   0.056720   0.009345   0.066064
.560000E+03   0.059353   0.009075   0.068428
.570000E+03   0.063342   0.008818   0.072159
.580000E+03   0.060981   0.008575   0.069556
.590000E+03   0.058219   0.008347   0.066566
.600000E+03   0.062390   0.008133   0.070523
     8.0000
.500000E+03   0.057665   0.010881   0.068547
.510000E+03   0.056821   0.010684   0.067504
.520000E+03   0.055490   0.010497   0.065987
.530000E+03   0.059137   0.010321   0.069457
.540000E+03   0.058244   0.010154   0.068397
.550000E+03   0.059298   0.009989   0.069287
.560000E+03   0.061800   0.009702   0.071502
.570000E+03   0.065687   0.009428   0.075115
.580000E+03   0.063175   0.009170   0.072345
.590000E+03   0.060316   0.008928   0.069244
.600000E+03   0.064377   0.008700   0.073077
     7.5000
.500000E+03   0.061455   0.011749   0.073203
.510000E+03   0.060340   0.011536   0.071876
.520000E+03   0.058760   0.011335   0.070094
.530000E+03   0.062214   0.011145   0.073359
.540000E+03   0.061120   0.010965   0.072086
.550000E+03   0.062002   0.010788   0.072790
.560000E+03   0.064356   0.010480   0.074836
.570000E+03   0.068130   0.010186   0.078316
.580000E+03   0.065456   0.009909   0.075365
.590000E+03   0.062514   0.009648   0.072162
.600000E+03   0.066433   0.009403   0.075836
     7.0000
.500000E+03   0.065470   0.012858   0.078328
.510000E+03   0.064068   0.012626   0.076693
.520000E+03   0.062219   0.012407   0.074626
.530000E+03   0.065463   0.012200   0.077663
.540000E+03   0.064155   0.012004   0.076160
.550000E+03   0.064849   0.011811   0.076659
.560000E+03   0.067042   0.011476   0.078518
.570000E+03   0.070696   0.011155   0.081851
.580000E+03   0.067846   0.010854   0.078699
.590000E+03   0.064842   0.010570   0.075412
.600000E+03   0.068583   0.010303   0.078885
     6.5000
.500000E+03   0.069720   0.014254   0.083974
.510000E+03   0.068012   0.013998   0.082010
.520000E+03   0.065875   0.013756   0.079631
.530000E+03   0.068891   0.013527   0.082418
.540000E+03   0.067355   0.013311   0.080666
.550000E+03   0.067845   0.013098   0.080943
.560000E+03   0.069862   0.012729   0.082591
.570000E+03   0.073392   0.012375   0.085767
.580000E+03   0.070347   0.012042   0.082390
.590000E+03   0.067325   0.011729   0.079054
.600000E+03   0.070832   0.011435   0.082266
     6.0000
.500000E+03   0.074220   0.015982   0.090201
.510000E+03   0.072186   0.015696   0.087882
.520000E+03   0.069739   0.015426   0.085165
.530000E+03   0.072507   0.015171   0.087678
.540000E+03   0.070731   0.014929   0.085660
.550000E+03   0.071001   0.014690   0.085691
.560000E+03   0.072827   0.014279   0.087106
.570000E+03   0.076232   0.013884   0.090117
.580000E+03   0.072970   0.013514   0.086483
.590000E+03   0.069992   0.013164   0.083156
.600000E+03   0.073192   0.012836   0.086028
     5.5000
.500000E+03   0.078979   0.018060   0.097039
.510000E+03   0.076603   0.017738   0.094341
.520000E+03   0.073823   0.017434   0.091257
.530000E+03   0.076324   0.017147   0.093471
.540000E+03   0.074293   0.016875   0.091168
.550000E+03   0.074327   0.016606   0.090933
.560000E+03   0.075945   0.016144   0.092089
.570000E+03   0.079228   0.015700   0.094929
.580000E+03   0.075723   0.015283   0.091007
.590000E+03   0.072881   0.014890   0.087772
.600000E+03   0.075676   0.014521   0.090197
     5.0000
.500000E+03   0.084014   0.020492   0.104506
.510000E+03   0.081276   0.020129   0.101405
.520000E+03   0.078139   0.019785   0.097924
.530000E+03   0.080354   0.019460   0.099814
.540000E+03   0.078056   0.019152   0.097208
.550000E+03   0.077835   0.018849   0.096684
.560000E+03   0.079229   0.018327   0.097556
.570000E+03   0.082387   0.017825   0.100212
.580000E+03   0.078620   0.017355   0.095975
.590000E+03   0.076002   0.016911   0.092913
.600000E+03   0.078297   0.016494   0.094791
     4.5000
.500000E+03   0.089334   0.023818   0.113152
.510000E+03   0.086217   0.023397   0.109614
.520000E+03   0.082696   0.022999   0.105695
.530000E+03   0.084607   0.022622   0.107229
.540000E+03   0.082027   0.022266   0.104293
.550000E+03   0.081535   0.021914   0.103448
.560000E+03   0.082686   0.021310   0.103997
.570000E+03   0.085733   0.020731   0.106464
.580000E+03   0.081666   0.020187   0.101853
.590000E+03   0.079398   0.019674   0.099071
.600000E+03   0.081056   0.019191   0.100247
     4.0000
.500000E+03   0.094955   0.029049   0.124004
.510000E+03   0.091439   0.028537   0.119976
.520000E+03   0.087506   0.028054   0.115561
.530000E+03   0.089091   0.027596   0.116687
.540000E+03   0.086216   0.027163   0.113379
.550000E+03   0.085431   0.026736   0.112167
.560000E+03   0.086323   0.026004   0.112327
.570000E+03   0.089269   0.025302   0.114571
.580000E+03   0.084867   0.024641   0.109508
.590000E+03   0.083106   0.024019   0.107124
.600000E+03   0.083979   0.023433   0.107411
     3.5000
.500000E+03   0.100890   0.037086   0.137975
.510000E+03   0.096958   0.036436   0.133394
.520000E+03   0.092582   0.035822   0.128404
.530000E+03   0.093820   0.035239   0.129059
.540000E+03   0.090639   0.034688   0.125328
.550000E+03   0.089540   0.034144   0.123685
.560000E+03   0.090151   0.033216   0.123367
.570000E+03   0.093020   0.032324   0.125344
.580000E+03   0.088237   0.031485   0.119721
.590000E+03   0.087193   0.030694   0.117888
.600000E+03   0.087078   0.029950   0.117028
     3.0000
.500000E+03   0.107155   0.049186   0.156341
.510000E+03   0.102792   0.048328   0.151119
.520000E+03   0.097939   0.047515   0.145454
.530000E+03   0.098810   0.046746   0.145556
.540000E+03   0.095313   0.046018   0.141330
.550000E+03   0.093878   0.045298   0.139177
.560000E+03   0.094187   0.044074   0.138261
.570000E+03   0.097019   0.042896   0.139915
.580000E+03   0.091790   0.041789   0.133579
.590000E+03   0.091783   0.040746   0.132528
.600000E+03   0.090383   0.039763   0.130146
     2.5000
.500000E+03   0.113781   0.068249   0.182030
.510000E+03   0.108968   0.067147   0.176115
.520000E+03   0.103602   0.066104   0.169705
.530000E+03   0.104085   0.065115   0.169200
.540000E+03   0.100260   0.064178   0.164438
.550000E+03   0.098466   0.063254   0.161719
.560000E+03   0.098450   0.061696   0.160145
.570000E+03   0.101282   0.060198   0.161480
.580000E+03   0.095546   0.058788   0.154334
.590000E+03   0.096909   0.057458   0.154367
.600000E+03   0.093919   0.056204   0.150123
     2.0000
.500000E+03   0.120804   0.095950   0.216753
.510000E+03   0.115519   0.094627   0.210146
.520000E+03   0.109601   0.093369   0.202970
.530000E+03   0.109673   0.092180   0.201853
.540000E+03   0.105504   0.091048   0.196552
.550000E+03   0.103327   0.089937   0.193263
.560000E+03   0.102960   0.088102   0.191062
.570000E+03   0.105836   0.086337   0.192173
.580000E+03   0.099523   0.084673   0.184196
.590000E+03   0.102594   0.083100   0.185694
.600000E+03   0.097694   0.081615   0.179309
     1.5000
.500000E+03   0.128243   0.132012   0.260254
.510000E+03   0.122470   0.130454   0.252925
.520000E+03   0.115953   0.128968   0.244921
.530000E+03   0.115591   0.127565   0.243156
.540000E+03   0.111062   0.126223   0.237286
.550000E+03   0.108470   0.124911   0.233382
.560000E+03   0.107734   0.122801   0.230535
.570000E+03   0.110701   0.120769   0.231470
.580000E+03   0.103736   0.118849   0.222585
.590000E+03   0.108877   0.117030   0.225907
.600000E+03   0.101744   0.115309   0.217053
     1.0000
.500000E+03   0.136121   0.177547   0.313668
.510000E+03   0.129842   0.175697   0.305539
.520000E+03   0.122680   0.173927   0.296607
.530000E+03   0.121859   0.172258   0.294117
.540000E+03   0.116955   0.170654   0.287609
.550000E+03   0.113927   0.169093   0.283020
.560000E+03   0.112788   0.166644   0.279431
.570000E+03   0.115900   0.164282   0.280182
.580000E+03   0.108202   0.162046   0.270248
.590000E+03   0.115791   0.159925   0.275716
.600000E+03   0.106068   0.157913   0.263981
     0.5000
.500000E+03   0.144463   0.235021   0.379484
.510000E+03   0.137660   0.232811   0.370471
.520000E+03   0.129801   0.230687   0.360488
.530000E+03   0.128494   0.228690   0.357184
.540000E+03   0.123189   0.226763   0.349952
.550000E+03   0.119705   0.224894   0.344599
.560000E+03   0.118137   0.222029   0.340167
.570000E+03   0.121447   0.219267   0.340714
.580000E+03   0.112932   0.216646   0.329578
.590000E+03   0.123406   0.214155   0.337561
.600000E+03   0.110712   0.211788   0.322500
     0.0000
.500000E+03   0.153292   0.307271   0.460564
.510000E+03   0.145937   0.304675   0.450612
.520000E+03   0.137338   0.302175   0.439512
.530000E+03   0.135518   0.299825   0.435343
.540000E+03   0.129806   0.297553   0.427359
.550000E+03   0.125823   0.295354   0.421177
.560000E+03   0.123798   0.292041   0.415839
.570000E+03   0.127381   0.288846   0.416227
.580000E+03   0.117933   0.285809   0.403742
.590000E+03   0.131834   0.282917   0.414751
.600000E+03   0.115696   0.280166   0.395862
