     0.000  -180.000
.500000E+03 6.9894E+00
.510000E+03 6.9079E+00
.520000E+03 6.2492E+00
.530000E+03 6.2535E+00
.540000E+03 5.8384E+00
.550000E+03 5.7817E+00
.560000E+03 5.4174E+00
.570000E+03 5.2516E+00
.580000E+03 5.1295E+00
.590000E+03 4.4207E+00
.600000E+03 4.5745E+00
     0.000  -160.000
.500000E+03 6.9894E+00
.510000E+03 6.9079E+00
.520000E+03 6.2492E+00
.530000E+03 6.2535E+00
.540000E+03 5.8384E+00
.550000E+03 5.7817E+00
.560000E+03 5.4174E+00
.570000E+03 5.2516E+00
.580000E+03 5.1295E+00
.590000E+03 4.4207E+00
.600000E+03 4.5745E+00
     0.000  -140.000
.500000E+03 6.9894E+00
.510000E+03 6.9079E+00
.520000E+03 6.2492E+00
.530000E+03 6.2535E+00
.540000E+03 5.8384E+00
.550000E+03 5.7817E+00
.560000E+03 5.4174E+00
.570000E+03 5.2516E+00
.580000E+03 5.1295E+00
.590000E+03 4.4207E+00
.600000E+03 4.5745E+00
     0.000  -120.000
.500000E+03 6.9894E+00
.510000E+03 6.9079E+00
.520000E+03 6.2492E+00
.530000E+03 6.2535E+00
.540000E+03 5.8384E+00
.550000E+03 5.7817E+00
.560000E+03 5.4174E+00
.570000E+03 5.2516E+00
.580000E+03 5.1295E+00
.590000E+03 4.4207E+00
.600000E+03 4.5745E+00
     0.000  -100.000
.500000E+03 6.9894E+00
.510000E+03 6.9079E+00
.520000E+03 6.2492E+00
.530000E+03 6.2535E+00
.540000E+03 5.8384E+00
.550000E+03 5.7817E+00
.560000E+03 5.4174E+00
.570000E+03 5.2516E+00
.580000E+03 5.1295E+00
.590000E+03 4.4207E+00
.600000E+03 4.5745E+00
     0.000   -80.000
.500000E+03 6.9894E+00
.510000E+03 6.9079E+00
.520000E+03 6.2492E+00
.530000E+03 6.2535E+00
.540000E+03 5.8384E+00
.550000E+03 5.7817E+00
.560000E+03 5.4174E+00
.570000E+03 5.2516E+00
.580000E+03 5.1295E+00
.590000E+03 4.4207E+00
.600000E+03 4.5745E+00
     0.000   -60.000
.500000E+03 6.9894E+00
.510000E+03 6.9079E+00
.520000E+03 6.2492E+00
.530000E+03 6.2535E+00
.540000E+03 5.8384E+00
.550000E+03 5.7817E+00
.560000E+03 5.4174E+00
.570000E+03 5.2516E+00
.580000E+03 5.1295E+00
.590000E+03 4.4207E+00
.600000E+03 4.5745E+00
     0.000   -40.000
.500000E+03 6.9894E+00
.510000E+03 6.9079E+00
.520000E+03 6.2492E+00
.530000E+03 6.2535E+00
.540000E+03 5.8384E+00
.550000E+03 5.7817E+00
.560000E+03 5.4174E+00
.570000E+03 5.2516E+00
.580000E+03 5.1295E+00
.590000E+03 4.4207E+00
.600000E+03 4.5745E+00
     0.000   -20.000
.500000E+03 6.9894E+00
.510000E+03 6.9079E+00
.520000E+03 6.2492E+00
.530000E+03 6.2535E+00
.540000E+03 5.8384E+00
.550000E+03 5.7817E+00
.560000E+03 5.4174E+00
.570000E+03 5.2516E+00
.580000E+03 5.1295E+00
.590000E+03 4.4207E+00
.600000E+03 4.5745E+00
     0.000     0.000
.500000E+03 6.9894E+00
.510000E+03 6.9079E+00
.520000E+03 6.2492E+00
.530000E+03 6.2535E+00
.540000E+03 5.8384E+00
.550000E+03 5.7817E+00
.560000E+03 5.4174E+00
.570000E+03 5.2516E+00
.580000E+03 5.1295E+00
.590000E+03 4.4207E+00
.600000E+03 4.5745E+00
     0.000    20.000
.500000E+03 6.9894E+00
.510000E+03 6.9079E+00
.520000E+03 6.2492E+00
.530000E+03 6.2535E+00
.540000E+03 5.8384E+00
.550000E+03 5.7817E+00
.560000E+03 5.4174E+00
.570000E+03 5.2516E+00
.580000E+03 5.1295E+00
.590000E+03 4.4207E+00
.600000E+03 4.5745E+00
     0.000    40.000
.500000E+03 6.9894E+00
.510000E+03 6.9079E+00
.520000E+03 6.2492E+00
.530000E+03 6.2535E+00
.540000E+03 5.8384E+00
.550000E+03 5.7817E+00
.560000E+03 5.4174E+00
.570000E+03 5.2516E+00
.580000E+03 5.1295E+00
.590000E+03 4.4207E+00
.600000E+03 4.5745E+00
     0.000    60.000
.500000E+03 6.9894E+00
.510000E+03 6.9079E+00
.520000E+03 6.2492E+00
.530000E+03 6.2535E+00
.540000E+03 5.8384E+00
.550000E+03 5.7817E+00
.560000E+03 5.4174E+00
.570000E+03 5.2516E+00
.580000E+03 5.1295E+00
.590000E+03 4.4207E+00
.600000E+03 4.5745E+00
     0.000    80.000
.500000E+03 6.9894E+00
.510000E+03 6.9079E+00
.520000E+03 6.2492E+00
.530000E+03 6.2535E+00
.540000E+03 5.8384E+00
.550000E+03 5.7817E+00
.560000E+03 5.4174E+00
.570000E+03 5.2516E+00
.580000E+03 5.1295E+00
.590000E+03 4.4207E+00
.600000E+03 4.5745E+00
     0.000   100.000
.500000E+03 6.9894E+00
.510000E+03 6.9079E+00
.520000E+03 6.2492E+00
.530000E+03 6.2535E+00
.540000E+03 5.8384E+00
.550000E+03 5.7817E+00
.560000E+03 5.4174E+00
.570000E+03 5.2516E+00
.580000E+03 5.1295E+00
.590000E+03 4.4207E+00
.600000E+03 4.5745E+00
     0.000   120.000
.500000E+03 6.9894E+00
.510000E+03 6.9079E+00
.520000E+03 6.2492E+00
.530000E+03 6.2535E+00
.540000E+03 5.8384E+00
.550000E+03 5.7817E+00
.560000E+03 5.4174E+00
.570000E+03 5.2516E+00
.580000E+03 5.1295E+00
.590000E+03 4.4207E+00
.600000E+03 4.5745E+00
     0.000   140.000
.500000E+03 6.9894E+00
.510000E+03 6.9079E+00
.520000E+03 6.2492E+00
.530000E+03 6.2535E+00
.540000E+03 5.8384E+00
.550000E+03 5.7817E+00
.560000E+03 5.4174E+00
.570000E+03 5.2516E+00
.580000E+03 5.1295E+00
.590000E+03 4.4207E+00
.600000E+03 4.5745E+00
     0.000   160.000
.500000E+03 6.9894E+00
.510000E+03 6.9079E+00
.520000E+03 6.2492E+00
.530000E+03 6.2535E+00
.540000E+03 5.8384E+00
.550000E+03 5.7817E+00
.560000E+03 5.4174E+00
.570000E+03 5.2516E+00
.580000E+03 5.1295E+00
.590000E+03 4.4207E+00
.600000E+03 4.5745E+00
    12.000  -180.000
.500000E+03 6.9145E+00
.510000E+03 6.8407E+00
.520000E+03 6.1947E+00
.530000E+03 6.2051E+00
.540000E+03 5.7987E+00
.550000E+03 5.7478E+00
.560000E+03 5.3896E+00
.570000E+03 5.2278E+00
.580000E+03 5.1102E+00
.590000E+03 4.4048E+00
.600000E+03 4.5631E+00
    12.000  -160.000
.500000E+03 6.9235E+00
.510000E+03 6.8493E+00
.520000E+03 6.2024E+00
.530000E+03 6.2124E+00
.540000E+03 5.8053E+00
.550000E+03 5.7542E+00
.560000E+03 5.3954E+00
.570000E+03 5.2333E+00
.580000E+03 5.1154E+00
.590000E+03 4.4093E+00
.600000E+03 4.5676E+00
    12.000  -140.000
.500000E+03 6.9499E+00
.510000E+03 6.8746E+00
.520000E+03 6.2246E+00
.530000E+03 6.2339E+00
.540000E+03 5.8247E+00
.550000E+03 5.7729E+00
.560000E+03 5.4124E+00
.570000E+03 5.2494E+00
.580000E+03 5.1308E+00
.590000E+03 4.4222E+00
.600000E+03 4.5806E+00
    12.000  -120.000
.500000E+03 6.9916E+00
.510000E+03 6.9147E+00
.520000E+03 6.2596E+00
.530000E+03 6.2679E+00
.540000E+03 5.8554E+00
.550000E+03 5.8022E+00
.560000E+03 5.4393E+00
.570000E+03 5.2749E+00
.580000E+03 5.1550E+00
.590000E+03 4.4427E+00
.600000E+03 4.6011E+00
    12.000  -100.000
.500000E+03 7.0449E+00
.510000E+03 6.9656E+00
.520000E+03 6.3043E+00
.530000E+03 6.3112E+00
.540000E+03 5.8945E+00
.550000E+03 5.8397E+00
.560000E+03 5.4736E+00
.570000E+03 5.3074E+00
.580000E+03 5.1859E+00
.590000E+03 4.4688E+00
.600000E+03 4.6273E+00
    12.000   -80.000
.500000E+03 7.1039E+00
.510000E+03 7.0223E+00
.520000E+03 6.3539E+00
.530000E+03 6.3593E+00
.540000E+03 5.9380E+00
.550000E+03 5.8812E+00
.560000E+03 5.5117E+00
.570000E+03 5.3434E+00
.580000E+03 5.2202E+00
.590000E+03 4.4978E+00
.600000E+03 4.6564E+00
    12.000   -60.000
.500000E+03 7.1617E+00
.510000E+03 7.0777E+00
.520000E+03 6.4025E+00
.530000E+03 6.4064E+00
.540000E+03 5.9805E+00
.550000E+03 5.9219E+00
.560000E+03 5.5489E+00
.570000E+03 5.3787E+00
.580000E+03 5.2538E+00
.590000E+03 4.5261E+00
.600000E+03 4.6849E+00
    12.000   -40.000
.500000E+03 7.2104E+00
.510000E+03 7.1244E+00
.520000E+03 6.4435E+00
.530000E+03 6.4461E+00
.540000E+03 6.0163E+00
.550000E+03 5.9562E+00
.560000E+03 5.5802E+00
.570000E+03 5.4084E+00
.580000E+03 5.2821E+00
.590000E+03 4.5500E+00
.600000E+03 4.7089E+00
    12.000   -20.000
.500000E+03 7.2430E+00
.510000E+03 7.1557E+00
.520000E+03 6.4709E+00
.530000E+03 6.4726E+00
.540000E+03 6.0403E+00
.550000E+03 5.9792E+00
.560000E+03 5.6013E+00
.570000E+03 5.4284E+00
.580000E+03 5.3011E+00
.590000E+03 4.5660E+00
.600000E+03 4.7250E+00
    12.000     0.000
.500000E+03 7.2545E+00
.510000E+03 7.1668E+00
.520000E+03 6.4805E+00
.530000E+03 6.4820E+00
.540000E+03 6.0487E+00
.550000E+03 5.9873E+00
.560000E+03 5.6087E+00
.570000E+03 5.4354E+00
.580000E+03 5.3078E+00
.590000E+03 4.5716E+00
.600000E+03 4.7306E+00
    12.000    20.000
.500000E+03 7.2430E+00
.510000E+03 7.1557E+00
.520000E+03 6.4709E+00
.530000E+03 6.4726E+00
.540000E+03 6.0403E+00
.550000E+03 5.9792E+00
.560000E+03 5.6013E+00
.570000E+03 5.4284E+00
.580000E+03 5.3011E+00
.590000E+03 4.5660E+00
.600000E+03 4.7250E+00
    12.000    40.000
.500000E+03 7.2104E+00
.510000E+03 7.1244E+00
.520000E+03 6.4435E+00
.530000E+03 6.4461E+00
.540000E+03 6.0163E+00
.550000E+03 5.9562E+00
.560000E+03 5.5802E+00
.570000E+03 5.4084E+00
.580000E+03 5.2821E+00
.590000E+03 4.5500E+00
.600000E+03 4.7089E+00
    12.000    60.000
.500000E+03 7.1617E+00
.510000E+03 7.0777E+00
.520000E+03 6.4025E+00
.530000E+03 6.4064E+00
.540000E+03 5.9805E+00
.550000E+03 5.9219E+00
.560000E+03 5.5489E+00
.570000E+03 5.3787E+00
.580000E+03 5.2538E+00
.590000E+03 4.5261E+00
.600000E+03 4.6849E+00
    12.000    80.000
.500000E+03 7.1039E+00
.510000E+03 7.0223E+00
.520000E+03 6.3539E+00
.530000E+03 6.3593E+00
.540000E+03 5.9380E+00
.550000E+03 5.8812E+00
.560000E+03 5.5117E+00
.570000E+03 5.3434E+00
.580000E+03 5.2202E+00
.590000E+03 4.4978E+00
.600000E+03 4.6564E+00
    12.000   100.000
.500000E+03 7.0449E+00
.510000E+03 6.9656E+00
.520000E+03 6.3043E+00
.530000E+03 6.3112E+00
.540000E+03 5.8945E+00
.550000E+03 5.8397E+00
.560000E+03 5.4736E+00
.570000E+03 5.3074E+00
.580000E+03 5.1859E+00
.590000E+03 4.4688E+00
.600000E+03 4.6273E+00
    12.000   120.000
.500000E+03 6.9916E+00
.510000E+03 6.9147E+00
.520000E+03 6.2596E+00
.530000E+03 6.2679E+00
.540000E+03 5.8554E+00
.550000E+03 5.8022E+00
.560000E+03 5.4393E+00
.570000E+03 5.2749E+00
.580000E+03 5.1550E+00
.590000E+03 4.4427E+00
.600000E+03 4.6011E+00
    12.000   140.000
.500000E+03 6.9499E+00
.510000E+03 6.8746E+00
.520000E+03 6.2246E+00
.530000E+03 6.2339E+00
.540000E+03 5.8247E+00
.550000E+03 5.7729E+00
.560000E+03 5.4124E+00
.570000E+03 5.2494E+00
.580000E+03 5.1308E+00
.590000E+03 4.4222E+00
.600000E+03 4.5806E+00
    12.000   160.000
.500000E+03 6.9235E+00
.510000E+03 6.8493E+00
.520000E+03 6.2024E+00
.530000E+03 6.2124E+00
.540000E+03 5.8053E+00
.550000E+03 5.7542E+00
.560000E+03 5.3954E+00
.570000E+03 5.2333E+00
.580000E+03 5.1154E+00
.590000E+03 4.4093E+00
.600000E+03 4.5676E+00
    24.000  -180.000
.500000E+03 7.0632E+00
.510000E+03 6.9978E+00
.520000E+03 6.3467E+00
.530000E+03 6.3660E+00
.540000E+03 5.9570E+00
.550000E+03 5.9126E+00
.560000E+03 5.5503E+00
.570000E+03 5.3882E+00
.580000E+03 5.2736E+00
.590000E+03 4.5442E+00
.600000E+03 4.7175E+00
    24.000  -160.000
.500000E+03 7.0778E+00
.510000E+03 7.0119E+00
.520000E+03 6.3590E+00
.530000E+03 6.3780E+00
.540000E+03 5.9678E+00
.550000E+03 5.9230E+00
.560000E+03 5.5598E+00
.570000E+03 5.3972E+00
.580000E+03 5.2822E+00
.590000E+03 4.5514E+00
.600000E+03 4.7247E+00
    24.000  -140.000
.500000E+03 7.1218E+00
.510000E+03 7.0541E+00
.520000E+03 6.3960E+00
.530000E+03 6.4139E+00
.540000E+03 6.0002E+00
.550000E+03 5.9540E+00
.560000E+03 5.5882E+00
.570000E+03 5.4241E+00
.580000E+03 5.3078E+00
.590000E+03 4.5731E+00
.600000E+03 4.7465E+00
    24.000  -120.000
.500000E+03 7.1940E+00
.510000E+03 7.1233E+00
.520000E+03 6.4568E+00
.530000E+03 6.4728E+00
.540000E+03 6.0535E+00
.550000E+03 6.0050E+00
.560000E+03 5.6349E+00
.570000E+03 5.4684E+00
.580000E+03 5.3500E+00
.590000E+03 4.6086E+00
.600000E+03 4.7823E+00
    24.000  -100.000
.500000E+03 7.2906E+00
.510000E+03 7.2161E+00
.520000E+03 6.5381E+00
.530000E+03 6.5516E+00
.540000E+03 6.1247E+00
.550000E+03 6.0733E+00
.560000E+03 5.6974E+00
.570000E+03 5.5276E+00
.580000E+03 5.4065E+00
.590000E+03 4.6562E+00
.600000E+03 4.8302E+00
    24.000   -80.000
.500000E+03 7.4032E+00
.510000E+03 7.3242E+00
.520000E+03 6.6329E+00
.530000E+03 6.6435E+00
.540000E+03 6.2077E+00
.550000E+03 6.1528E+00
.560000E+03 5.7702E+00
.570000E+03 5.5966E+00
.580000E+03 5.4722E+00
.590000E+03 4.7117E+00
.600000E+03 4.8860E+00
    24.000   -60.000
.500000E+03 7.5182E+00
.510000E+03 7.4345E+00
.520000E+03 6.7296E+00
.530000E+03 6.7373E+00
.540000E+03 6.2925E+00
.550000E+03 6.2340E+00
.560000E+03 5.8446E+00
.570000E+03 5.6671E+00
.580000E+03 5.5394E+00
.590000E+03 4.7683E+00
.600000E+03 4.9429E+00
    24.000   -40.000
.500000E+03 7.6185E+00
.510000E+03 7.5307E+00
.520000E+03 6.8141E+00
.530000E+03 6.8192E+00
.540000E+03 6.3664E+00
.550000E+03 6.3048E+00
.560000E+03 5.9095E+00
.570000E+03 5.7285E+00
.580000E+03 5.5980E+00
.590000E+03 4.8177E+00
.600000E+03 4.9927E+00
    24.000   -20.000
.500000E+03 7.6872E+00
.510000E+03 7.5966E+00
.520000E+03 6.8718E+00
.530000E+03 6.8752E+00
.540000E+03 6.4170E+00
.550000E+03 6.3533E+00
.560000E+03 5.9539E+00
.570000E+03 5.7706E+00
.580000E+03 5.6380E+00
.590000E+03 4.8515E+00
.600000E+03 5.0266E+00
    24.000     0.000
.500000E+03 7.7116E+00
.510000E+03 7.6200E+00
.520000E+03 6.8924E+00
.530000E+03 6.8951E+00
.540000E+03 6.4350E+00
.550000E+03 6.3706E+00
.560000E+03 5.9697E+00
.570000E+03 5.7856E+00
.580000E+03 5.6523E+00
.590000E+03 4.8635E+00
.600000E+03 5.0387E+00
    24.000    20.000
.500000E+03 7.6872E+00
.510000E+03 7.5966E+00
.520000E+03 6.8718E+00
.530000E+03 6.8752E+00
.540000E+03 6.4170E+00
.550000E+03 6.3533E+00
.560000E+03 5.9539E+00
.570000E+03 5.7706E+00
.580000E+03 5.6380E+00
.590000E+03 4.8515E+00
.600000E+03 5.0266E+00
    24.000    40.000
.500000E+03 7.6185E+00
.510000E+03 7.5307E+00
.520000E+03 6.8141E+00
.530000E+03 6.8192E+00
.540000E+03 6.3664E+00
.550000E+03 6.3048E+00
.560000E+03 5.9095E+00
.570000E+03 5.7285E+00
.580000E+03 5.5980E+00
.590000E+03 4.8177E+00
.600000E+03 4.9927E+00
    24.000    60.000
.500000E+03 7.5182E+00
.510000E+03 7.4345E+00
.520000E+03 6.7296E+00
.530000E+03 6.7373E+00
.540000E+03 6.2925E+00
.550000E+03 6.2340E+00
.560000E+03 5.8446E+00
.570000E+03 5.6671E+00
.580000E+03 5.5394E+00
.590000E+03 4.7683E+00
.600000E+03 4.9429E+00
    24.000    80.000
.500000E+03 7.4032E+00
.510000E+03 7.3242E+00
.520000E+03 6.6329E+00
.530000E+03 6.6435E+00
.540000E+03 6.2077E+00
.550000E+03 6.1528E+00
.560000E+03 5.7702E+00
.570000E+03 5.5966E+00
.580000E+03 5.4722E+00
.590000E+03 4.7117E+00
.600000E+03 4.8860E+00
    24.000   100.000
.500000E+03 7.2906E+00
.510000E+03 7.2161E+00
.520000E+03 6.5381E+00
.530000E+03 6.5516E+00
.540000E+03 6.1247E+00
.550000E+03 6.0733E+00
.560000E+03 5.6974E+00
.570000E+03 5.5276E+00
.580000E+03 5.4065E+00
.590000E+03 4.6562E+00
.600000E+03 4.8302E+00
    24.000   120.000
.500000E+03 7.1940E+00
.510000E+03 7.1233E+00
.520000E+03 6.4568E+00
.530000E+03 6.4728E+00
.540000E+03 6.0535E+00
.550000E+03 6.0050E+00
.560000E+03 5.6349E+00
.570000E+03 5.4684E+00
.580000E+03 5.3500E+00
.590000E+03 4.6086E+00
.600000E+03 4.7823E+00
    24.000   140.000
.500000E+03 7.1218E+00
.510000E+03 7.0541E+00
.520000E+03 6.3960E+00
.530000E+03 6.4139E+00
.540000E+03 6.0002E+00
.550000E+03 5.9540E+00
.560000E+03 5.5882E+00
.570000E+03 5.4241E+00
.580000E+03 5.3078E+00
.590000E+03 4.5731E+00
.600000E+03 4.7465E+00
    24.000   160.000
.500000E+03 7.0778E+00
.510000E+03 7.0119E+00
.520000E+03 6.3590E+00
.530000E+03 6.3780E+00
.540000E+03 5.9678E+00
.550000E+03 5.9230E+00
.560000E+03 5.5598E+00
.570000E+03 5.3972E+00
.580000E+03 5.2822E+00
.590000E+03 4.5514E+00
.600000E+03 4.7247E+00
    36.000  -180.000
.500000E+03 7.5108E+00
.510000E+03 7.4549E+00
.520000E+03 6.7743E+00
.530000E+03 6.8066E+00
.540000E+03 6.3796E+00
.550000E+03 6.3424E+00
.560000E+03 5.9630E+00
.570000E+03 5.7946E+00
.580000E+03 5.6815E+00
.590000E+03 4.8903E+00
.600000E+03 5.0936E+00
    36.000  -160.000
.500000E+03 7.5268E+00
.510000E+03 7.4702E+00
.520000E+03 6.7878E+00
.530000E+03 6.8197E+00
.540000E+03 6.3914E+00
.550000E+03 6.3537E+00
.560000E+03 5.9733E+00
.570000E+03 5.8044E+00
.580000E+03 5.6909E+00
.590000E+03 4.8982E+00
.600000E+03 5.1016E+00
    36.000  -140.000
.500000E+03 7.5765E+00
.510000E+03 7.5180E+00
.520000E+03 6.8297E+00
.530000E+03 6.8604E+00
.540000E+03 6.4282E+00
.550000E+03 6.3891E+00
.560000E+03 6.0058E+00
.570000E+03 5.8351E+00
.580000E+03 5.7202E+00
.590000E+03 4.9229E+00
.600000E+03 5.1265E+00
    36.000  -120.000
.500000E+03 7.6636E+00
.510000E+03 7.6016E+00
.520000E+03 6.9033E+00
.530000E+03 6.9318E+00
.540000E+03 6.4928E+00
.550000E+03 6.4509E+00
.560000E+03 6.0625E+00
.570000E+03 5.8889E+00
.580000E+03 5.7716E+00
.590000E+03 4.9661E+00
.600000E+03 5.1702E+00
    36.000  -100.000
.500000E+03 7.7885E+00
.510000E+03 7.7217E+00
.520000E+03 7.0087E+00
.530000E+03 7.0341E+00
.540000E+03 6.5853E+00
.550000E+03 6.5397E+00
.560000E+03 6.1439E+00
.570000E+03 5.9661E+00
.580000E+03 5.8453E+00
.590000E+03 5.0280E+00
.600000E+03 5.2328E+00
    36.000   -80.000
.500000E+03 7.9433E+00
.510000E+03 7.8705E+00
.520000E+03 7.1393E+00
.530000E+03 7.1609E+00
.540000E+03 6.7000E+00
.550000E+03 6.6497E+00
.560000E+03 6.2447E+00
.570000E+03 6.0618E+00
.580000E+03 5.9366E+00
.590000E+03 5.1048E+00
.600000E+03 5.3104E+00
    36.000   -60.000
.500000E+03 8.1094E+00
.510000E+03 8.0300E+00
.520000E+03 7.2795E+00
.530000E+03 7.2969E+00
.540000E+03 6.8230E+00
.550000E+03 6.7677E+00
.560000E+03 6.3529E+00
.570000E+03 6.1644E+00
.580000E+03 6.0345E+00
.590000E+03 5.1872E+00
.600000E+03 5.3935E+00
    36.000   -40.000
.500000E+03 8.2596E+00
.510000E+03 8.1742E+00
.520000E+03 7.4062E+00
.530000E+03 7.4199E+00
.540000E+03 6.9342E+00
.550000E+03 6.8743E+00
.560000E+03 6.4507E+00
.570000E+03 6.2571E+00
.580000E+03 6.1230E+00
.590000E+03 5.2617E+00
.600000E+03 5.4687E+00
    36.000   -20.000
.500000E+03 8.3646E+00
.510000E+03 8.2752E+00
.520000E+03 7.4949E+00
.530000E+03 7.5060E+00
.540000E+03 7.0121E+00
.550000E+03 6.9490E+00
.560000E+03 6.5192E+00
.570000E+03 6.3220E+00
.580000E+03 6.1850E+00
.590000E+03 5.3138E+00
.600000E+03 5.5214E+00
    36.000     0.000
.500000E+03 8.4025E+00
.510000E+03 8.3115E+00
.520000E+03 7.5268E+00
.530000E+03 7.5370E+00
.540000E+03 7.0401E+00
.550000E+03 6.9759E+00
.560000E+03 6.5438E+00
.570000E+03 6.3454E+00
.580000E+03 6.2073E+00
.590000E+03 5.3326E+00
.600000E+03 5.5404E+00
    36.000    20.000
.500000E+03 8.3646E+00
.510000E+03 8.2752E+00
.520000E+03 7.4949E+00
.530000E+03 7.5060E+00
.540000E+03 7.0121E+00
.550000E+03 6.9490E+00
.560000E+03 6.5192E+00
.570000E+03 6.3220E+00
.580000E+03 6.1850E+00
.590000E+03 5.3138E+00
.600000E+03 5.5214E+00
    36.000    40.000
.500000E+03 8.2596E+00
.510000E+03 8.1742E+00
.520000E+03 7.4062E+00
.530000E+03 7.4199E+00
.540000E+03 6.9342E+00
.550000E+03 6.8743E+00
.560000E+03 6.4507E+00
.570000E+03 6.2571E+00
.580000E+03 6.1230E+00
.590000E+03 5.2617E+00
.600000E+03 5.4687E+00
    36.000    60.000
.500000E+03 8.1094E+00
.510000E+03 8.0300E+00
.520000E+03 7.2795E+00
.530000E+03 7.2969E+00
.540000E+03 6.8230E+00
.550000E+03 6.7677E+00
.560000E+03 6.3529E+00
.570000E+03 6.1644E+00
.580000E+03 6.0345E+00
.590000E+03 5.1872E+00
.600000E+03 5.3935E+00
    36.000    80.000
.500000E+03 7.9433E+00
.510000E+03 7.8705E+00
.520000E+03 7.1393E+00
.530000E+03 7.1609E+00
.540000E+03 6.7000E+00
.550000E+03 6.6497E+00
.560000E+03 6.2447E+00
.570000E+03 6.0618E+00
.580000E+03 5.9366E+00
.590000E+03 5.1048E+00
.600000E+03 5.3104E+00
    36.000   100.000
.500000E+03 7.7885E+00
.510000E+03 7.7217E+00
.520000E+03 7.0087E+00
.530000E+03 7.0341E+00
.540000E+03 6.5853E+00
.550000E+03 6.5397E+00
.560000E+03 6.1439E+00
.570000E+03 5.9661E+00
.580000E+03 5.8453E+00
.590000E+03 5.0280E+00
.600000E+03 5.2328E+00
    36.000   120.000
.500000E+03 7.6636E+00
.510000E+03 7.6016E+00
.520000E+03 6.9033E+00
.530000E+03 6.9318E+00
.540000E+03 6.4928E+00
.550000E+03 6.4509E+00
.560000E+03 6.0625E+00
.570000E+03 5.8889E+00
.580000E+03 5.7716E+00
.590000E+03 4.9661E+00
.600000E+03 5.1702E+00
    36.000   140.000
.500000E+03 7.5765E+00
.510000E+03 7.5180E+00
.520000E+03 6.8297E+00
.530000E+03 6.8604E+00
.540000E+03 6.4282E+00
.550000E+03 6.3891E+00
.560000E+03 6.0058E+00
.570000E+03 5.8351E+00
.580000E+03 5.7202E+00
.590000E+03 4.9229E+00
.600000E+03 5.1265E+00
    36.000   160.000
.500000E+03 7.5268E+00
.510000E+03 7.4702E+00
.520000E+03 6.7878E+00
.530000E+03 6.8197E+00
.540000E+03 6.3914E+00
.550000E+03 6.3537E+00
.560000E+03 5.9733E+00
.570000E+03 5.8044E+00
.580000E+03 5.6909E+00
.590000E+03 4.8982E+00
.600000E+03 5.1016E+00
    48.000  -180.000
.500000E+03 8.3959E+00
.510000E+03 8.3525E+00
.520000E+03 7.6091E+00
.530000E+03 7.6617E+00
.540000E+03 7.1950E+00
.550000E+03 7.1674E+00
.560000E+03 6.7529E+00
.570000E+03 6.5703E+00
.580000E+03 6.4584E+00
.590000E+03 5.5459E+00
.600000E+03 5.8061E+00
    48.000  -160.000
.500000E+03 8.4077E+00
.510000E+03 8.3639E+00
.520000E+03 7.6191E+00
.530000E+03 7.6714E+00
.540000E+03 7.2038E+00
.550000E+03 7.1758E+00
.560000E+03 6.7607E+00
.570000E+03 6.5776E+00
.580000E+03 6.4655E+00
.590000E+03 5.5518E+00
.600000E+03 5.8121E+00
    48.000  -140.000
.500000E+03 8.4482E+00
.510000E+03 8.4029E+00
.520000E+03 7.6535E+00
.530000E+03 7.7048E+00
.540000E+03 7.2341E+00
.550000E+03 7.2050E+00
.560000E+03 6.7874E+00
.570000E+03 6.6030E+00
.580000E+03 6.4898E+00
.590000E+03 5.5722E+00
.600000E+03 5.8328E+00
    48.000  -120.000
.500000E+03 8.5297E+00
.510000E+03 8.4813E+00
.520000E+03 7.7225E+00
.530000E+03 7.7719E+00
.540000E+03 7.2949E+00
.550000E+03 7.2634E+00
.560000E+03 6.8412E+00
.570000E+03 6.6540E+00
.580000E+03 6.5387E+00
.590000E+03 5.6131E+00
.600000E+03 5.8745E+00
    48.000  -100.000
.500000E+03 8.6615E+00
.510000E+03 8.6083E+00
.520000E+03 7.8343E+00
.530000E+03 7.8807E+00
.540000E+03 7.3934E+00
.550000E+03 7.3581E+00
.560000E+03 6.9281E+00
.570000E+03 6.7366E+00
.580000E+03 6.6177E+00
.590000E+03 5.6794E+00
.600000E+03 5.9419E+00
    48.000   -80.000
.500000E+03 8.8404E+00
.510000E+03 8.7805E+00
.520000E+03 7.9860E+00
.530000E+03 8.0282E+00
.540000E+03 7.5271E+00
.550000E+03 7.4865E+00
.560000E+03 7.0462E+00
.570000E+03 6.8487E+00
.580000E+03 6.7251E+00
.590000E+03 5.7693E+00
.600000E+03 6.0333E+00
    48.000   -60.000
.500000E+03 9.0448E+00
.510000E+03 8.9774E+00
.520000E+03 8.1593E+00
.530000E+03 8.1968E+00
.540000E+03 7.6799E+00
.550000E+03 7.6333E+00
.560000E+03 7.1812E+00
.570000E+03 6.9767E+00
.580000E+03 6.8477E+00
.590000E+03 5.8720E+00
.600000E+03 6.1378E+00
    48.000   -40.000
.500000E+03 9.2376E+00
.510000E+03 9.1630E+00
.520000E+03 8.3227E+00
.530000E+03 8.3557E+00
.540000E+03 7.8238E+00
.550000E+03 7.7716E+00
.560000E+03 7.3083E+00
.570000E+03 7.0975E+00
.580000E+03 6.9633E+00
.590000E+03 5.9689E+00
.600000E+03 6.2363E+00
    48.000   -20.000
.500000E+03 9.3759E+00
.510000E+03 9.2962E+00
.520000E+03 8.4401E+00
.530000E+03 8.4698E+00
.540000E+03 7.9272E+00
.550000E+03 7.8710E+00
.560000E+03 7.3996E+00
.570000E+03 7.1842E+00
.580000E+03 7.0463E+00
.590000E+03 6.0384E+00
.600000E+03 6.3070E+00
    48.000     0.000
.500000E+03 9.4263E+00
.510000E+03 9.3447E+00
.520000E+03 8.4828E+00
.530000E+03 8.5113E+00
.540000E+03 7.9649E+00
.550000E+03 7.9072E+00
.560000E+03 7.4329E+00
.570000E+03 7.2157E+00
.580000E+03 7.0765E+00
.590000E+03 6.0637E+00
.600000E+03 6.3327E+00
    48.000    20.000
.500000E+03 9.3759E+00
.510000E+03 9.2962E+00
.520000E+03 8.4401E+00
.530000E+03 8.4698E+00
.540000E+03 7.9272E+00
.550000E+03 7.8710E+00
.560000E+03 7.3996E+00
.570000E+03 7.1842E+00
.580000E+03 7.0463E+00
.590000E+03 6.0384E+00
.600000E+03 6.3070E+00
    48.000    40.000
.500000E+03 9.2376E+00
.510000E+03 9.1630E+00
.520000E+03 8.3227E+00
.530000E+03 8.3557E+00
.540000E+03 7.8238E+00
.550000E+03 7.7716E+00
.560000E+03 7.3083E+00
.570000E+03 7.0975E+00
.580000E+03 6.9633E+00
.590000E+03 5.9689E+00
.600000E+03 6.2363E+00
    48.000    60.000
.500000E+03 9.0448E+00
.510000E+03 8.9774E+00
.520000E+03 8.1593E+00
.530000E+03 8.1968E+00
.540000E+03 7.6799E+00
.550000E+03 7.6333E+00
.560000E+03 7.1812E+00
.570000E+03 6.9767E+00
.580000E+03 6.8477E+00
.590000E+03 5.8720E+00
.600000E+03 6.1378E+00
    48.000    80.000
.500000E+03 8.8404E+00
.510000E+03 8.7805E+00
.520000E+03 7.9860E+00
.530000E+03 8.0282E+00
.540000E+03 7.5271E+00
.550000E+03 7.4865E+00
.560000E+03 7.0462E+00
.570000E+03 6.8487E+00
.580000E+03 6.7251E+00
.590000E+03 5.7693E+00
.600000E+03 6.0333E+00
    48.000   100.000
.500000E+03 8.6615E+00
.510000E+03 8.6083E+00
.520000E+03 7.8343E+00
.530000E+03 7.8807E+00
.540000E+03 7.3934E+00
.550000E+03 7.3581E+00
.560000E+03 6.9281E+00
.570000E+03 6.7366E+00
.580000E+03 6.6177E+00
.590000E+03 5.6794E+00
.600000E+03 5.9419E+00
    48.000   120.000
.500000E+03 8.5297E+00
.510000E+03 8.4813E+00
.520000E+03 7.7225E+00
.530000E+03 7.7719E+00
.540000E+03 7.2949E+00
.550000E+03 7.2634E+00
.560000E+03 6.8412E+00
.570000E+03 6.6540E+00
.580000E+03 6.5387E+00
.590000E+03 5.6131E+00
.600000E+03 5.8745E+00
    48.000   140.000
.500000E+03 8.4482E+00
.510000E+03 8.4029E+00
.520000E+03 7.6535E+00
.530000E+03 7.7048E+00
.540000E+03 7.2341E+00
.550000E+03 7.2050E+00
.560000E+03 6.7874E+00
.570000E+03 6.6030E+00
.580000E+03 6.4898E+00
.590000E+03 5.5722E+00
.600000E+03 5.8328E+00
    48.000   160.000
.500000E+03 8.4077E+00
.510000E+03 8.3639E+00
.520000E+03 7.6191E+00
.530000E+03 7.6714E+00
.540000E+03 7.2038E+00
.550000E+03 7.1758E+00
.560000E+03 6.7607E+00
.570000E+03 6.5776E+00
.580000E+03 6.4655E+00
.590000E+03 5.5518E+00
.600000E+03 5.8121E+00
    60.000  -180.000
.500000E+03 9.9585E+00
.510000E+03 9.9400E+00
.520000E+03 9.0889E+00
.530000E+03 9.1795E+00
.540000E+03 8.6440E+00
.550000E+03 8.6354E+00
.560000E+03 8.1632E+00
.570000E+03 7.9561E+00
.580000E+03 7.8528E+00
.590000E+03 6.7120E+00
.600000E+03 7.0880E+00
    60.000  -160.000
.500000E+03 9.9594E+00
.510000E+03 9.9409E+00
.520000E+03 9.0897E+00
.530000E+03 9.1803E+00
.540000E+03 8.6446E+00
.550000E+03 8.6361E+00
.560000E+03 8.1638E+00
.570000E+03 7.9567E+00
.580000E+03 7.8534E+00
.590000E+03 6.7125E+00
.600000E+03 7.0885E+00
    60.000  -140.000
.500000E+03 9.9724E+00
.510000E+03 9.9534E+00
.520000E+03 9.1007E+00
.530000E+03 9.1911E+00
.540000E+03 8.6545E+00
.550000E+03 8.6455E+00
.560000E+03 8.1726E+00
.570000E+03 7.9650E+00
.580000E+03 7.8615E+00
.590000E+03 6.7192E+00
.600000E+03 7.0953E+00
    60.000  -120.000
.500000E+03 1.0022E+01
.510000E+03 1.0001E+01
.520000E+03 9.1430E+00
.530000E+03 9.2323E+00
.540000E+03 8.6919E+00
.550000E+03 8.6817E+00
.560000E+03 8.2059E+00
.570000E+03 7.9968E+00
.580000E+03 7.8920E+00
.590000E+03 6.7446E+00
.600000E+03 7.1216E+00
    60.000  -100.000
.500000E+03 1.0131E+01
.510000E+03 1.0107E+01
.520000E+03 9.2365E+00
.530000E+03 9.3236E+00
.540000E+03 8.7749E+00
.550000E+03 8.7618E+00
.560000E+03 8.2799E+00
.570000E+03 8.0671E+00
.580000E+03 7.9598E+00
.590000E+03 6.8009E+00
.600000E+03 7.1796E+00
    60.000   -80.000
.500000E+03 1.0307E+01
.510000E+03 1.0277E+01
.520000E+03 9.3866E+00
.530000E+03 9.4702E+00
.540000E+03 8.9082E+00
.550000E+03 8.8902E+00
.560000E+03 8.3985E+00
.570000E+03 8.1799E+00
.580000E+03 8.0685E+00
.590000E+03 6.8914E+00
.600000E+03 7.2727E+00
    60.000   -60.000
.500000E+03 1.0527E+01
.510000E+03 1.0490E+01
.520000E+03 9.5752E+00
.530000E+03 9.6542E+00
.540000E+03 9.0755E+00
.550000E+03 9.0516E+00
.560000E+03 8.5475E+00
.570000E+03 8.3217E+00
.580000E+03 8.2050E+00
.590000E+03 7.0049E+00
.600000E+03 7.3896E+00
    60.000   -40.000
.500000E+03 1.0746E+01
.510000E+03 1.0702E+01
.520000E+03 9.7630E+00
.530000E+03 9.8375E+00
.540000E+03 9.2422E+00
.550000E+03 9.2123E+00
.560000E+03 8.6959E+00
.570000E+03 8.4628E+00
.580000E+03 8.3410E+00
.590000E+03 7.1180E+00
.600000E+03 7.5060E+00
    60.000   -20.000
.500000E+03 1.0909E+01
.510000E+03 1.0859E+01
.520000E+03 9.9020E+00
.530000E+03 9.9733E+00
.540000E+03 9.3656E+00
.550000E+03 9.3313E+00
.560000E+03 8.8058E+00
.570000E+03 8.5673E+00
.580000E+03 8.4417E+00
.590000E+03 7.2018E+00
.600000E+03 7.5923E+00
    60.000     0.000
.500000E+03 1.0969E+01
.510000E+03 1.0917E+01
.520000E+03 9.9534E+00
.530000E+03 1.0023E+01
.540000E+03 9.4112E+00
.550000E+03 9.3752E+00
.560000E+03 8.8463E+00
.570000E+03 8.6059E+00
.580000E+03 8.4789E+00
.590000E+03 7.2327E+00
.600000E+03 7.6241E+00
    60.000    20.000
.500000E+03 1.0909E+01
.510000E+03 1.0859E+01
.520000E+03 9.9020E+00
.530000E+03 9.9733E+00
.540000E+03 9.3656E+00
.550000E+03 9.3313E+00
.560000E+03 8.8058E+00
.570000E+03 8.5673E+00
.580000E+03 8.4417E+00
.590000E+03 7.2018E+00
.600000E+03 7.5923E+00
    60.000    40.000
.500000E+03 1.0746E+01
.510000E+03 1.0702E+01
.520000E+03 9.7630E+00
.530000E+03 9.8375E+00
.540000E+03 9.2422E+00
.550000E+03 9.2123E+00
.560000E+03 8.6959E+00
.570000E+03 8.4628E+00
.580000E+03 8.3410E+00
.590000E+03 7.1180E+00
.600000E+03 7.5060E+00
    60.000    60.000
.500000E+03 1.0527E+01
.510000E+03 1.0490E+01
.520000E+03 9.5752E+00
.530000E+03 9.6542E+00
.540000E+03 9.0755E+00
.550000E+03 9.0516E+00
.560000E+03 8.5475E+00
.570000E+03 8.3217E+00
.580000E+03 8.2050E+00
.590000E+03 7.0049E+00
.600000E+03 7.3896E+00
    60.000    80.000
.500000E+03 1.0307E+01
.510000E+03 1.0277E+01
.520000E+03 9.3866E+00
.530000E+03 9.4702E+00
.540000E+03 8.9082E+00
.550000E+03 8.8902E+00
.560000E+03 8.3985E+00
.570000E+03 8.1799E+00
.580000E+03 8.0685E+00
.590000E+03 6.8914E+00
.600000E+03 7.2727E+00
    60.000   100.000
.500000E+03 1.0131E+01
.510000E+03 1.0107E+01
.520000E+03 9.2365E+00
.530000E+03 9.3236E+00
.540000E+03 8.7749E+00
.550000E+03 8.7618E+00
.560000E+03 8.2799E+00
.570000E+03 8.0671E+00
.580000E+03 7.9598E+00
.590000E+03 6.8009E+00
.600000E+03 7.1796E+00
    60.000   120.000
.500000E+03 1.0022E+01
.510000E+03 1.0001E+01
.520000E+03 9.1430E+00
.530000E+03 9.2323E+00
.540000E+03 8.6919E+00
.550000E+03 8.6817E+00
.560000E+03 8.2059E+00
.570000E+03 7.9968E+00
.580000E+03 7.8920E+00
.590000E+03 6.7446E+00
.600000E+03 7.1216E+00
    60.000   140.000
.500000E+03 9.9724E+00
.510000E+03 9.9534E+00
.520000E+03 9.1007E+00
.530000E+03 9.1911E+00
.540000E+03 8.6545E+00
.550000E+03 8.6455E+00
.560000E+03 8.1726E+00
.570000E+03 7.9650E+00
.580000E+03 7.8615E+00
.590000E+03 6.7192E+00
.600000E+03 7.0953E+00
    60.000   160.000
.500000E+03 9.9594E+00
.510000E+03 9.9409E+00
.520000E+03 9.0897E+00
.530000E+03 9.1803E+00
.540000E+03 8.6446E+00
.550000E+03 8.6361E+00
.560000E+03 8.1638E+00
.570000E+03 7.9567E+00
.580000E+03 7.8534E+00
.590000E+03 6.7125E+00
.600000E+03 7.0885E+00
    72.000  -180.000
.500000E+03 1.2500E+01
.510000E+03 1.2555E+01
.520000E+03 1.1562E+01
.530000E+03 1.1745E+01
.540000E+03 1.1116E+01
.550000E+03 1.1166E+01
.560000E+03 1.0627E+01
.570000E+03 1.0392E+01
.580000E+03 1.0343E+01
.590000E+03 8.7567E+00
.600000E+03 9.4096E+00
    72.000  -160.000
.500000E+03 1.2484E+01
.510000E+03 1.2539E+01
.520000E+03 1.1548E+01
.530000E+03 1.1731E+01
.540000E+03 1.1104E+01
.550000E+03 1.1154E+01
.560000E+03 1.0615E+01
.570000E+03 1.0381E+01
.580000E+03 1.0332E+01
.590000E+03 8.7479E+00
.600000E+03 9.4003E+00
    72.000  -140.000
.500000E+03 1.2451E+01
.510000E+03 1.2507E+01
.520000E+03 1.1519E+01
.530000E+03 1.1703E+01
.540000E+03 1.1078E+01
.550000E+03 1.1129E+01
.560000E+03 1.0592E+01
.570000E+03 1.0359E+01
.580000E+03 1.0310E+01
.590000E+03 8.7299E+00
.600000E+03 9.3812E+00
    72.000  -120.000
.500000E+03 1.2439E+01
.510000E+03 1.2495E+01
.520000E+03 1.1508E+01
.530000E+03 1.1692E+01
.540000E+03 1.1068E+01
.550000E+03 1.1119E+01
.560000E+03 1.0583E+01
.570000E+03 1.0350E+01
.580000E+03 1.0302E+01
.590000E+03 8.7232E+00
.600000E+03 9.3743E+00
    72.000  -100.000
.500000E+03 1.2487E+01
.510000E+03 1.2543E+01
.520000E+03 1.1551E+01
.530000E+03 1.1734E+01
.540000E+03 1.1107E+01
.550000E+03 1.1157E+01
.560000E+03 1.0618E+01
.570000E+03 1.0384E+01
.580000E+03 1.0335E+01
.590000E+03 8.7499E+00
.600000E+03 9.4024E+00
    72.000   -80.000
.500000E+03 1.2616E+01
.510000E+03 1.2669E+01
.520000E+03 1.1663E+01
.530000E+03 1.1845E+01
.540000E+03 1.1208E+01
.550000E+03 1.1255E+01
.560000E+03 1.0710E+01
.570000E+03 1.0471E+01
.580000E+03 1.0421E+01
.590000E+03 8.8202E+00
.600000E+03 9.4767E+00
    72.000   -60.000
.500000E+03 1.2810E+01
.510000E+03 1.2858E+01
.520000E+03 1.1832E+01
.530000E+03 1.2011E+01
.540000E+03 1.1360E+01
.550000E+03 1.1403E+01
.560000E+03 1.0848E+01
.570000E+03 1.0603E+01
.580000E+03 1.0549E+01
.590000E+03 8.9257E+00
.600000E+03 9.5883E+00
    72.000   -40.000
.500000E+03 1.3020E+01
.510000E+03 1.3063E+01
.520000E+03 1.2015E+01
.530000E+03 1.2191E+01
.540000E+03 1.1525E+01
.550000E+03 1.1564E+01
.560000E+03 1.0997E+01
.570000E+03 1.0746E+01
.580000E+03 1.0689E+01
.590000E+03 9.0401E+00
.600000E+03 9.7092E+00
    72.000   -20.000
.500000E+03 1.3183E+01
.510000E+03 1.3221E+01
.520000E+03 1.2157E+01
.530000E+03 1.2331E+01
.540000E+03 1.1653E+01
.550000E+03 1.1688E+01
.560000E+03 1.1113E+01
.570000E+03 1.0857E+01
.580000E+03 1.0797E+01
.590000E+03 9.1285E+00
.600000E+03 9.8026E+00
    72.000     0.000
.500000E+03 1.3244E+01
.510000E+03 1.3281E+01
.520000E+03 1.2210E+01
.530000E+03 1.2383E+01
.540000E+03 1.1701E+01
.550000E+03 1.1734E+01
.560000E+03 1.1156E+01
.570000E+03 1.0898E+01
.580000E+03 1.0837E+01
.590000E+03 9.1617E+00
.600000E+03 9.8378E+00
    72.000    20.000
.500000E+03 1.3183E+01
.510000E+03 1.3221E+01
.520000E+03 1.2157E+01
.530000E+03 1.2331E+01
.540000E+03 1.1653E+01
.550000E+03 1.1688E+01
.560000E+03 1.1113E+01
.570000E+03 1.0857E+01
.580000E+03 1.0797E+01
.590000E+03 9.1285E+00
.600000E+03 9.8026E+00
    72.000    40.000
.500000E+03 1.3020E+01
.510000E+03 1.3063E+01
.520000E+03 1.2015E+01
.530000E+03 1.2191E+01
.540000E+03 1.1525E+01
.550000E+03 1.1564E+01
.560000E+03 1.0997E+01
.570000E+03 1.0746E+01
.580000E+03 1.0689E+01
.590000E+03 9.0401E+00
.600000E+03 9.7092E+00
    72.000    60.000
.500000E+03 1.2810E+01
.510000E+03 1.2858E+01
.520000E+03 1.1832E+01
.530000E+03 1.2011E+01
.540000E+03 1.1360E+01
.550000E+03 1.1403E+01
.560000E+03 1.0848E+01
.570000E+03 1.0603E+01
.580000E+03 1.0549E+01
.590000E+03 8.9257E+00
.600000E+03 9.5883E+00
    72.000    80.000
.500000E+03 1.2616E+01
.510000E+03 1.2669E+01
.520000E+03 1.1663E+01
.530000E+03 1.1845E+01
.540000E+03 1.1208E+01
.550000E+03 1.1255E+01
.560000E+03 1.0710E+01
.570000E+03 1.0471E+01
.580000E+03 1.0421E+01
.590000E+03 8.8202E+00
.600000E+03 9.4767E+00
    72.000   100.000
.500000E+03 1.2487E+01
.510000E+03 1.2543E+01
.520000E+03 1.1551E+01
.530000E+03 1.1734E+01
.540000E+03 1.1107E+01
.550000E+03 1.1157E+01
.560000E+03 1.0618E+01
.570000E+03 1.0384E+01
.580000E+03 1.0335E+01
.590000E+03 8.7499E+00
.600000E+03 9.4024E+00
    72.000   120.000
.500000E+03 1.2439E+01
.510000E+03 1.2495E+01
.520000E+03 1.1508E+01
.530000E+03 1.1692E+01
.540000E+03 1.1068E+01
.550000E+03 1.1119E+01
.560000E+03 1.0583E+01
.570000E+03 1.0350E+01
.580000E+03 1.0302E+01
.590000E+03 8.7232E+00
.600000E+03 9.3743E+00
    72.000   140.000
.500000E+03 1.2451E+01
.510000E+03 1.2507E+01
.520000E+03 1.1519E+01
.530000E+03 1.1703E+01
.540000E+03 1.1078E+01
.550000E+03 1.1129E+01
.560000E+03 1.0592E+01
.570000E+03 1.0359E+01
.580000E+03 1.0310E+01
.590000E+03 8.7299E+00
.600000E+03 9.3812E+00
    72.000   160.000
.500000E+03 1.2484E+01
.510000E+03 1.2539E+01
.520000E+03 1.1548E+01
.530000E+03 1.1731E+01
.540000E+03 1.1104E+01
.550000E+03 1.1154E+01
.560000E+03 1.0615E+01
.570000E+03 1.0381E+01
.580000E+03 1.0332E+01
.590000E+03 8.7479E+00
.600000E+03 9.4003E+00
    84.000  -180.000
.500000E+03 1.4638E+01
.510000E+03 1.4903E+01
.520000E+03 1.3944E+01
.530000E+03 1.4358E+01
.540000E+03 1.3757E+01
.550000E+03 1.4004E+01
.560000E+03 1.3554E+01
.570000E+03 1.3379E+01
.580000E+03 1.3600E+01
.590000E+03 1.1290E+01
.600000E+03 1.2647E+01
    84.000  -160.000
.500000E+03 1.4615E+01
.510000E+03 1.4881E+01
.520000E+03 1.3923E+01
.530000E+03 1.4338E+01
.540000E+03 1.3738E+01
.550000E+03 1.3985E+01
.560000E+03 1.3536E+01
.570000E+03 1.3361E+01
.580000E+03 1.3583E+01
.590000E+03 1.1276E+01
.600000E+03 1.2631E+01
    84.000  -140.000
.500000E+03 1.4560E+01
.510000E+03 1.4826E+01
.520000E+03 1.3873E+01
.530000E+03 1.4288E+01
.540000E+03 1.3691E+01
.550000E+03 1.3939E+01
.560000E+03 1.3492E+01
.570000E+03 1.3319E+01
.580000E+03 1.3540E+01
.590000E+03 1.1242E+01
.600000E+03 1.2593E+01
    84.000  -120.000
.500000E+03 1.4503E+01
.510000E+03 1.4769E+01
.520000E+03 1.3822E+01
.530000E+03 1.4236E+01
.540000E+03 1.3643E+01
.550000E+03 1.3892E+01
.560000E+03 1.3447E+01
.570000E+03 1.3275E+01
.580000E+03 1.3496E+01
.590000E+03 1.1207E+01
.600000E+03 1.2554E+01
    84.000  -100.000
.500000E+03 1.4479E+01
.510000E+03 1.4746E+01
.520000E+03 1.3801E+01
.530000E+03 1.4215E+01
.540000E+03 1.3623E+01
.550000E+03 1.3872E+01
.560000E+03 1.3428E+01
.570000E+03 1.3257E+01
.580000E+03 1.3478E+01
.590000E+03 1.1192E+01
.600000E+03 1.2538E+01
    84.000   -80.000
.500000E+03 1.4510E+01
.510000E+03 1.4776E+01
.520000E+03 1.3828E+01
.530000E+03 1.4243E+01
.540000E+03 1.3649E+01
.550000E+03 1.3898E+01
.560000E+03 1.3453E+01
.570000E+03 1.3281E+01
.580000E+03 1.3502E+01
.590000E+03 1.1212E+01
.600000E+03 1.2559E+01
    84.000   -60.000
.500000E+03 1.4592E+01
.510000E+03 1.4857E+01
.520000E+03 1.3902E+01
.530000E+03 1.4317E+01
.540000E+03 1.3718E+01
.550000E+03 1.3966E+01
.560000E+03 1.3517E+01
.570000E+03 1.3344E+01
.580000E+03 1.3565E+01
.590000E+03 1.1262E+01
.600000E+03 1.2615E+01
    84.000   -40.000
.500000E+03 1.4696E+01
.510000E+03 1.4961E+01
.520000E+03 1.3997E+01
.530000E+03 1.4411E+01
.540000E+03 1.3806E+01
.550000E+03 1.4052E+01
.560000E+03 1.3600E+01
.570000E+03 1.3424E+01
.580000E+03 1.3646E+01
.590000E+03 1.1326E+01
.600000E+03 1.2687E+01
    84.000   -20.000
.500000E+03 1.4782E+01
.510000E+03 1.5046E+01
.520000E+03 1.4075E+01
.530000E+03 1.4489E+01
.540000E+03 1.3878E+01
.550000E+03 1.4124E+01
.560000E+03 1.3669E+01
.570000E+03 1.3490E+01
.580000E+03 1.3712E+01
.590000E+03 1.1379E+01
.600000E+03 1.2747E+01
    84.000     0.000
.500000E+03 1.4816E+01
.510000E+03 1.5080E+01
.520000E+03 1.4105E+01
.530000E+03 1.4519E+01
.540000E+03 1.3906E+01
.550000E+03 1.4152E+01
.560000E+03 1.3695E+01
.570000E+03 1.3516E+01
.580000E+03 1.3738E+01
.590000E+03 1.1400E+01
.600000E+03 1.2770E+01
    84.000    20.000
.500000E+03 1.4782E+01
.510000E+03 1.5046E+01
.520000E+03 1.4075E+01
.530000E+03 1.4489E+01
.540000E+03 1.3878E+01
.550000E+03 1.4124E+01
.560000E+03 1.3669E+01
.570000E+03 1.3490E+01
.580000E+03 1.3712E+01
.590000E+03 1.1379E+01
.600000E+03 1.2747E+01
    84.000    40.000
.500000E+03 1.4696E+01
.510000E+03 1.4961E+01
.520000E+03 1.3997E+01
.530000E+03 1.4411E+01
.540000E+03 1.3806E+01
.550000E+03 1.4052E+01
.560000E+03 1.3600E+01
.570000E+03 1.3424E+01
.580000E+03 1.3646E+01
.590000E+03 1.1326E+01
.600000E+03 1.2687E+01
    84.000    60.000
.500000E+03 1.4592E+01
.510000E+03 1.4857E+01
.520000E+03 1.3902E+01
.530000E+03 1.4317E+01
.540000E+03 1.3718E+01
.550000E+03 1.3966E+01
.560000E+03 1.3517E+01
.570000E+03 1.3344E+01
.580000E+03 1.3565E+01
.590000E+03 1.1262E+01
.600000E+03 1.2615E+01
    84.000    80.000
.500000E+03 1.4510E+01
.510000E+03 1.4776E+01
.520000E+03 1.3828E+01
.530000E+03 1.4243E+01
.540000E+03 1.3649E+01
.550000E+03 1.3898E+01
.560000E+03 1.3453E+01
.570000E+03 1.3281E+01
.580000E+03 1.3502E+01
.590000E+03 1.1212E+01
.600000E+03 1.2559E+01
    84.000   100.000
.500000E+03 1.4479E+01
.510000E+03 1.4746E+01
.520000E+03 1.3801E+01
.530000E+03 1.4215E+01
.540000E+03 1.3623E+01
.550000E+03 1.3872E+01
.560000E+03 1.3428E+01
.570000E+03 1.3257E+01
.580000E+03 1.3478E+01
.590000E+03 1.1192E+01
.600000E+03 1.2538E+01
    84.000   120.000
.500000E+03 1.4503E+01
.510000E+03 1.4769E+01
.520000E+03 1.3822E+01
.530000E+03 1.4236E+01
.540000E+03 1.3643E+01
.550000E+03 1.3892E+01
.560000E+03 1.3447E+01
.570000E+03 1.3275E+01
.580000E+03 1.3496E+01
.590000E+03 1.1207E+01
.600000E+03 1.2554E+01
    84.000   140.000
.500000E+03 1.4560E+01
.510000E+03 1.4826E+01
.520000E+03 1.3873E+01
.530000E+03 1.4288E+01
.540000E+03 1.3691E+01
.550000E+03 1.3939E+01
.560000E+03 1.3492E+01
.570000E+03 1.3319E+01
.580000E+03 1.3540E+01
.590000E+03 1.1242E+01
.600000E+03 1.2593E+01
    84.000   160.000
.500000E+03 1.4615E+01
.510000E+03 1.4881E+01
.520000E+03 1.3923E+01
.530000E+03 1.4338E+01
.540000E+03 1.3738E+01
.550000E+03 1.3985E+01
.560000E+03 1.3536E+01
.570000E+03 1.3361E+01
.580000E+03 1.3583E+01
.590000E+03 1.1276E+01
.600000E+03 1.2631E+01
